Rank,FAA Region,ST,Locid,City,Airport Name,Arpt Category,Hub,CY 12 Enplanements,CY 11 Enplanements,% Change
59,AL,AK,ANC,Anchorage,Ted Stevens Anchorage International,P,M,2249717,2354987,-0.0447
121,AL,AK,FAI,Fairbanks,Fairbanks International,P,S,450436,438188,0.028
140,AL,AK,JNU,Juneau,Juneau International,P,N,353048,355499,-0.0069
199,AL,AK,BET,Bethel,Bethel,P,N,148168,152366,-0.0276
220,AL,AK,KTN,Ketchikan,Ketchikan International,P,N,103136,102086,0.0103
224,AL,AK,ENA,Kenai,Kenai Municipal,P,N,99955,90806,0.1008
239,AL,AK,ADQ,Kodiak,Kodiak,P,N,78749,81149,-0.0296
248,AL,AK,SIT,Sitka,Sitka Rocky Gutierrez,P,N,68222,65193,0.0465
252,AL,AK,OTZ,Kotzebue,Ralph Wien Memorial,P,N,63032,62738,0.0047
259,AL,AK,OME,Nome,Nome,P,N,59807,58892,0.0155
280,AL,AK,SCC,Deadhorse,Deadhorse,P,N,43837,37711,0.1624
281,AL,AK,BRW,Barrow,Wiley Post-Will Rogers Memorial,P,N,43673,41083,0.063
283,AL,AK,5KE,Ketchikan,Ketchikan Harbor,GA,None,42050,43858,-0.0412
288,AL,AK,DLG,Dillingham,Dillingham,P,N,39877,30406,0.3115
289,AL,AK,HOM,Homer,Homer,P,N,39167,35863,0.0921
297,AL,AK,AKN,King Salmon,King Salmon,P,N,35803,40345,-0.1126
308,AL,AK,DUT,Unalaska,Unalaska,P,N,30735,30048,0.0229
333,AL,AK,LHD,Anchorage,Lake Hood,P,N,21033,23497,-0.1049
336,AL,AK,MRI,Anchorage,Merrill Field,P,N,20163,23344,-0.1363
341,AL,AK,PSG,Petersburg,Petersburg James A Johnson,P,N,18800,18318,0.0263
352,AL,AK,VDZ,Valdez,Valdez Pioneer Field,P,N,16087,16147,-0.0037
353,AL,AK,CDV,Cordova,Merle K (Mudhole) Smith,P,N,16061,17731,-0.0942
359,AL,AK,ANI,Aniak,Aniak,P,N,15220,16217,-0.0615
365,AL,AK,GAL,Galena,Edward G. Pitka Sr,P,N,14563,10862,0.3407
375,AL,AK,UNK,Unalakleet,Unalakleet,P,N,13070,12332,0.0598
378,AL,AK,KSM,St Mary's,St Mary's,P,N,12711,12415,0.0238
382,AL,AK,MBA,Manokotak,Manokotak,P,N,12363,11828,0.0452
393,AL,AK,WRG,Wrangell,Wrangell,P,N,11434,11674,-0.0206
402,AL,AK,DGG,Red Dog Mine,Red Dog,GA,None,10614,11017,-0.0366
412,AL,AK,YAK,Yakutat,Yakutat,P,N,10100,10517,-0.0397
413,AL,AK,HNS,Haines,Haines,P,N,10093,8618,0.1712
417,AL,AK,ENM,Emmonak,Emmonak,CS,None,9854,9174,0.0741
419,AL,AK,HNH,Hoonah,Hoonah,CS,None,9564,10815,-0.1157
420,AL,AK,GST,Gustavus,Gustavus,CS,None,9509,11537,-0.1758
422,AL,AK,CDB,Cold Bay,Cold Bay,CS,None,9463,9395,0.0072
434,AL,AK,FYU,Fort Yukon,Fort Yukon,CS,None,7948,9444,-0.1584
441,AL,AK,SGY,Skagway,Skagway,CS,None,7532,8244,-0.0864
445,AL,AK,ILI,Iliamna,Iliamna,CS,None,7036,7396,-0.0487
449,AL,AK,AQH,Quinhagak,Quinhagak,CS,None,6583,6392,0.0299
468,AL,AK,VAK,Chevak,Chevak,CS,None,5559,5578,-0.0034
469,AL,AK,IIK,Kipnuk,Kipnuk,CS,None,5527,5780,-0.0438
471,AL,AK,HPB,Hooper Bay,Hooper Bay,CS,None,5368,6039,-0.1111
476,AL,AK,WLK,Selawik,Selawik,CS,None,5135,4922,0.0433
482,AL,AK,Z09,Kasigluk,Kasigluk,CS,None,4804,4674,0.0278
487,AL,AK,WTK,Noatak,Noatak,CS,None,4721,4549,0.0378
488,AL,AK,MCG,McGrath,McGrath,CS,None,4671,5519,-0.1537
489,AL,AK,MOU,Mountain Village,Mountain Village,CS,None,4614,5299,-0.1293
491,AL,AK,D76,Noorvik,Robert /Bob/ Curtis Memorial,CS,None,4588,4065,0.1287
492,AL,AK,OOK,Toksook Bay,Toksook Bay,CS,None,4524,4338,0.0429
493,AL,AK,CXF,Coldfoot,Coldfoot,CS,None,4509,340,12.2618
495,AL,AK,CFK,Chefornak,Chefornak,CS,None,4455,4087,0.09
496,AL,AK,PHO,Point Hope,Point Hope,CS,None,4399,4484,-0.019
497,AL,AK,SOV,Seldovia,Seldovia,CS,None,4294,4538,-0.0538
500,AL,AK,SCM,Scammon Bay,Scammon Bay,CS,None,4021,4510,-0.1084
501,AL,AK,SDP,Sand Point,Sand Point,CS,None,3984,4843,-0.1774
502,AL,AK,MTM,Metlakatla,Metlakatla,CS,None,3927,3657,0.0738
504,AL,AK,AKP,Anaktuvuk Pass,Anaktuvuk Pass,CS,None,3798,3917,-0.0304
506,AL,AK,AUK,Alakanuk,Alakanuk,CS,None,3756,3378,0.1119
507,AL,AK,2A9,Kotlik,Kotlik,CS,None,3740,4035,-0.0731
510,AL,AK,IAN,Kiana,Bob Baker Memorial,CS,None,3683,3267,0.1273
511,AL,AK,KWT,Kwethluk,Kwethluk,CS,None,3662,3579,0.0232
512,AL,AK,A61,Tuntutuliak,Tuntutuliak,CS,None,3610,3585,0.007
514,AL,AK,EEK,Eek,Eek,CS,None,3542,3618,-0.021
515,AL,AK,AWI,Wainwright,Wainwright,CS,None,3531,3638,-0.0294
517,AL,AK,SVA,Savoonga,Savoonga,CS,None,3525,4083,-0.1367
518,AL,AK,BVK,Buckland,Buckland,CS,None,3509,3338,0.0512
519,AL,AK,KLG,Kalskag,Kalskag,CS,None,3506,3538,-0.009
520,AL,AK,16A,Nunapitchuk,Nunapitchuk,CS,None,3505,3482,0.0066
521,AL,AK,GAM,Gambell,Gambell,CS,None,3483,3429,0.0157
522,AL,AK,DUY,Kongiganak,Kongiganak,CS,None,3408,3947,-0.1366
524,AL,AK,GGV,Kwigillingok,Kwigillingok,CS,None,3340,3625,-0.0786
525,AL,AK,KVL,Kivalina,Kivalina,CS,None,3337,3274,0.0192
526,AL,AK,TYE,Tyonek,Tyonek,GA,None,3280,3203,0.024
528,AL,AK,CGA,Craig,Craig,CS,None,3246,3470,-0.0646
531,AL,AK,0AK,Pilot Station,Pilot Station,CS,None,3172,3641,-0.1288
532,AL,AK,SHH,Shishmaref,Shishmaref,CS,None,3171,2989,0.0609
533,AL,AK,Z13,Akiachak,Akiachak,CS,None,3135,3499,-0.104
537,AL,AK,BLG,Beluga,Beluga,GA,None,3026,3065,-0.0127
538,AL,AK,6R7,Old Harbor,Old Harbor,CS,None,3010,3239,-0.0707
541,AL,AK,SNP,Saint Paul Island,St Paul Island,CS,None,2987,2830,0.0555
543,AL,AK,HLA,Huslia,Huslia,CS,None,2948,3232,-0.0879
544,AL,AK,TAL,Tanana,Ralph M Calhoun Memorial,CS,None,2897,3166,-0.085
546,AL,AK,MDM,Marshall,Marshall Don Hunter Sr,CS,None,2879,3376,-0.1472
548,AL,AK,TLT,Tuluksak,Tuluksak,CS,None,2857,2923,-0.0226
551,AL,AK,KTB,Thorne Bay,Thorne Bay,CS,None,2799,2621,0.0679
554,AL,AK,RSH,Russian Mission,Russian Mission,CS,None,2770,2916,-0.0501
556,AL,AK,KEB,English Bay,Nanwalek,CS,None,2705,2696,0.0033
558,AL,AK,EWU,Newtok,Newtok,CS,None,2652,2352,0.1276
560,AL,AK,WBB,Stebbins,Stebbins,CS,None,2621,2880,-0.0899
561,AL,AK,ELI,Elim,Elim,CS,None,2609,2570,0.0152
562,AL,AK,2A3,Larsen Bay,Larsen Bay,CS,None,2585,2753,-0.061
563,AL,AK,4K5,Ouzinkie,Ouzinkie,CS,None,2535,3309,-0.2339
569,AL,AK,VEE,Venetie,Venetie,GA,None,2447,3186,-0.232
570,AL,AK,KKA,Koyuk,Koyuk Alfred Adams,GA,None,2406,2413,-0.0029
571,AL,AK,AKI,Akiak,Akiak,GA,None,2357,2180,0.0812
572,AL,AK,ATK,Atqasuk,Atqasuk Edward Burnell Sr Memorial,GA,None,2350,2368,-0.0076
573,AL,AK,SMK,St Michael,St Michael,GA,None,2347,2631,-0.1079
574,AL,AK,AFM,Ambler,Ambler,GA,None,2342,2368,-0.011
575,AL,AK,4A2,Atmautluak,Atmautluak,GA,None,2315,2376,-0.0257
578,AL,AK,KVC,King Cove,King Cove,GA,None,2306,3040,-0.2414
579,AL,AK,2C7,Shaktoolik,Shaktoolik,GA,None,2303,2078,0.1083
580,AL,AK,PKA,Napaskiak,Napaskiak,GA,None,2298,2052,0.1199
583,AL,AK,KTS,Brevig Mission,Brevig Mission,GA,None,2259,2231,0.0126
584,AL,AK,ADK,Adak (Naval) Station/Mitchell Field,Adak,GA,None,2245,1897,0.1834
585,AL,AK,ORI,Port Lions,Port Lions,GA,None,2237,2463,-0.0918
586,AL,AK,NUL,Nulato,Nulato,GA,None,2213,2914,-0.2406
587,AL,AK,SHG,Shungnak,Shungnak,GA,None,2181,1955,0.1156
592,AL,AK,PGM,Port Graham,Port Graham,GA,None,2012,2167,-0.0715
593,AL,AK,4KA,Tununak,Tununak,GA,None,2008,1909,0.0519
594,AL,AK,GLV,Golovin,Golovin,GA,None,2003,1916,0.0454
598,AL,AK,6A8,Allakaket,Allakaket,GA,None,1938,2661,-0.2717
599,AL,AK,AQT,Nuiqsut,Nuiqsut,GA,None,1886,2380,-0.2076
600,AL,AK,RBY,Ruby,Ruby,GA,None,1877,2203,-0.148
601,AL,AK,WNA,Napakiak,Napakiak,GA,None,1858,2075,-0.1046
602,AL,AK,TPO,Port Alsworth,Port Alsworth,GA,None,1843,1946,-0.0529
605,AL,AK,IGT,Nightmute,Nightmute,GA,None,1783,1646,0.0832
606,AL,AK,ARC,Arctic Village,Arctic Village,GA,None,1782,1865,-0.0445
608,AL,AK,5Z9,Katmai National Park,Lake Brooks,GA,None,1768,4739,-0.6269
609,AL,AK,PIZ,Point Lay,Point Lay LRRS,GA,None,1764,1759,0.0028
610,AL,AK,BTT,Bettles,Bettles,GA,None,1756,1802,-0.0255
611,AL,AK,AGN,Angoon,Angoon,GA,None,1743,1819,-0.0418
617,AL,AK,WMO,White Mountain,White Mountain,GA,None,1665,1551,0.0735
619,AL,AK,KAL,Kaltag,Kaltag,GA,None,1650,1969,-0.162
622,AL,AK,KAE,Kake,Kake,GA,None,1598,1469,0.0878
624,AL,AK,HYL,Hollis,Hollis Clark Bay,GA,None,1577,1650,-0.0442
626,AL,AK,TOG,Togiak Village,Togiak,GA,None,1555,1638,-0.0507
627,AL,AK,GNU,Goodnews Bay,Goodnews,GA,None,1539,1599,-0.0375
628,AL,AK,OBU,Kobuk,Kobuk,GA,None,1525,1417,0.0762
630,AL,AK,DEE,Deering,Deering,GA,None,1462,1488,-0.0175
633,AL,AK,HCA,Holy Cross,Holy Cross,GA,None,1416,1223,0.1578
634,AL,AK,IWK,Wales,Wales,GA,None,1376,1414,-0.0269
635,AL,AK,MYU,Mekoryuk,Mekoryuk,GA,None,1369,1464,-0.0649
643,AL,AK,KWF,Waterfall,Waterfall,GA,None,1284,1148,0.1185
644,AL,AK,SXP,Sheldon Point,Sheldon Point,GA,None,1271,1181,0.0762
646,AL,AK,EII,Egegik,Egegik,GA,None,1211,1241,-0.0242
647,AL,AK,9K2,Kokhanok,Kokhanok,GA,None,1208,1277,-0.054
650,AL,AK,TER,Teller,Teller,GA,None,1178,1339,-0.1202
651,AL,AK,EDF,Anchorage,Elmendorf AFB,GA,None,1160,7059,-0.8357
654,AL,AK,5NN,Nondalton,Nondalton,GA,None,1115,1329,-0.161
655,AL,AK,AKK,Akhiok,Akhiok,GA,None,1115,991,0.1251
657,AL,AK,PTH,Port Heiden,Port Heiden,GA,None,1072,1189,-0.0984
659,AL,AK,WBQ,Beaver,Beaver,GA,None,1051,1021,0.0294
661,AL,AK,EIL,Fairbanks,Eielson AFB,GA,None,1046,10249,-0.8979
662,AL,AK,PTU,Platinum,Platinum,GA,None,1045,1139,-0.0825
664,AL,AK,FBK,Fairbanks/Ft Wainwright,Ladd AAF,GA,None,1032,106,8.7358
665,AL,AK,HUS,Hughes,Hughes,GA,None,1023,1182,-0.1345
673,AL,AK,KGX,Grayling,Grayling,GA,None,937,1025,-0.0859
677,AL,AK,CIK,Chalkyitsik,Chalkyitsik,GA,None,906,985,-0.0802
680,AL,AK,ANV,Anvik,Anvik,GA,None,875,911,-0.0395
682,AL,AK,KYU,Koyukuk,Koyukuk,GA,None,860,1009,-0.1477
683,AL,AK,PEC,Pelican,Pelican,GA,None,859,832,0.0325
688,AL,AK,GBH,Galbraith Lake,Galbraith Lake,GA,None,796,719,0.1071
689,AL,AK,KQA,Akutan,Akutan,GA,None,793,1018,-0.221
690,AL,AK,LKK,Kulik Lake,Kulik Lake,GA,None,786,1777,-0.5577
692,AL,AK,KNW,New Stuyahok,New Stuyahok,GA,None,780,1288,-0.3944
697,AL,AK,PPC,Prospect Creek,Prospect Creek,GA,None,740,546,0.3553
698,AL,AK,Z78,Chignik,Chignik Bay,GA,None,725,836,-0.1328
703,AL,AK,BTI,Kaktovik,Barter Island LRRS,GA,None,715,1989,-0.6405
705,AL,AK,SHX,Shageluk,Shageluk,GA,None,697,634,0.0994
710,AL,AK,TKE,Tenakee Springs,Tenakee,GA,None,657,689,-0.0464
711,AL,AK,EAA,Eagle,Eagle,GA,None,656,638,0.0282
714,AL,AK,SVS,Stevens Village,Stevens Village,GA,None,630,793,-0.2055
719,AL,AK,IGG,Igiugig,Igiugig,GA,None,604,944,-0.3602
725,AL,AK,PNP,Pilot Point,Pilot Point,GA,None,575,692,-0.1691
726,AL,AK,9A3,Chuathbaluk,Chuathbaluk,GA,None,570,594,-0.0404
727,AL,AK,9AK3,Tyonek,Nikolai Creek,GA,None,568,231,1.4589
731,AL,AK,PEV,Perryville,Perryville,GA,None,552,734,-0.248
734,AL,AK,KCL,Chignik Flats,Chignik Lagoon,GA,None,529,675,-0.2163
736,AL,AK,AJC,Chignik,Chignik,GA,None,519,815,-0.3632
744,AL,AK,CRC,Circle,Circle City,GA,None,483,380,0.2711
749,AL,AK,A57,Yakutat,Alsek River,GA,None,465,465,0
750,AL,AK,JZZ,Koliganek,Koliganek,GA,None,461,663,-0.3047
756,AL,AK,4K0,Pedro Bay,Pedro Bay,GA,None,444,590,-0.2475
758,AL,AK,CLP,Clarks Point,Clarks Point,GA,None,441,567,-0.2222
759,AL,AK,PBV,St. George,St George,GA,None,440,523,-0.1587
760,AL,AK,ELV,Elfin Cove,Elfin Cove,GA,None,426,358,0.1899
764,AL,AK,FSP,Nikolai,Nikolai,GA,None,412,625,-0.3408
765,AL,AK,9Z8,Levelock,Levelock,GA,None,411,408,0.0074
767,AL,AK,SLQ,Sleetmute,Sleetmute,GA,None,406,377,0.0769
772,AL,AK,1AK3,Cold Bay,Port Moller,GA,None,379,378,0.0026
775,AL,AK,AK78,Deadhorse,Badami,GA,None,374,312,0.1987
776,AL,AK,Z91,Birch Creek,Birch Creek,GA,None,366,772,-0.5259
777,AL,AK,CJX,Crooked Creek,Crooked Creek,GA,None,362,716,-0.4944
778,AL,AK,KYK,Karluk,Karluk,GA,None,360,442,-0.1855
780,AL,AK,KFP,False Pass,False Pass,GA,None,357,409,-0.1271
792,AL,AK,TCT,Takotna,Takotna,GA,None,315,595,-0.4706
796,AL,AK,DCK,Dahl Creek,Dahl Creek,GA,None,291,174,0.6724
797,AL,AK,FKK,Farewell Lake,Farewell Lake,GA,None,291,0,0
808,AL,AK,AHP,Port Alexander,Port Alexander,GA,None,266,176,0.5114
813,AL,AK,RMP,Rampart,Rampart,GA,None,257,176,0.4602
814,AL,AK,AKA,Atka,Atka,GA,None,255,302,-0.1556
816,AL,AK,OUL,Nelson Lagoon,Nelson Lagoon,GA,None,247,316,-0.2184
834,AL,AK,UMT,Umiat,Umiat,GA,None,218,119,0.8319
836,AL,AK,4Z7,Hyder,Hyder,GA,None,215,92,1.337
838,AL,AK,8AK9,Tok,Tok 2,GA,None,211,227,-0.0705
841,AL,AK,DM2,Diomede,Diomede,GA,None,206,161,0.2795
843,AL,AK,GKN,Eureka,Gulkana,GA,None,205,136,0.5074
849,AL,AK,KEK,Ekwok,Ekwok,GA,None,169,377,-0.5517
850,AL,AK,MHM,Lake Minchumina,Minchumina,GA,None,169,130,0.3
854,AL,AK,84K,Meyers Chuck,Meyers Chuck,GA,None,161,159,0.0126
857,AL,AK,UTO,Utopia Creek,Indian Mountain LRRS,GA,None,159,154,0.0325
858,AL,AK,BCV,Birchwood,Birchwood,GA,None,145,0,0
859,AL,AK,3AK5,Kenai,Drift River,GA,None,143,123,0.1626
863,AL,AK,51Z,Minto,Minto Al Wright,GA,None,136,160,-0.15
865,AL,AK,96Z,North Whale Pass,North Whale,GA,None,134,96,0.3958
867,AL,AK,SRV,Stony River,Stony River 2,GA,None,129,174,-0.2586
869,AL,AK,KXA,Kasaan,Kasaan,GA,None,127,97,0.3093
872,AL,AK,LUR,Cape Lisburne,Cape Lisburne LRRS,GA,None,126,155,-0.1871
873,AL,AK,MYK,May Creek,May Creek,GA,None,126,15,7.4
875,AL,AK,TNC,Tin City,Tin City LRRS,GA,None,126,118,0.0678
880,AL,AK,BQV,Bartlett Cove,Bartlett Cove,GA,None,124,146,-0.1507
881,AL,AK,TLJ,Takotna,Tatalina LRRS,GA,None,124,64,0.9375
883,AL,AK,BNF,Kake,Warm Spring Bay,GA,None,121,0,0
887,AL,AK,WSN,South Naknek,South Naknek Nr 2,GA,None,114,115,-0.0087
889,AL,AK,ALZ,Lazy Bay,Alitak,GA,None,111,144,-0.2292
891,AL,AK,EHM,Cape Newenham,Cape Newenham LRRS,GA,None,109,131,-0.1679
892,AL,AK,MLY,Manley Hot Springs,Manley Hot Springs,GA,None,107,49,1.1837
894,AL,AK,A63,Twin Hills,Twin Hills,GA,None,103,216,-0.5231
898,AL,AK,CZF,Cape Romanzof,Cape Romanzof LRRS,GA,None,101,143,-0.2937
902,AL,AK,76AK,Delta Junction,Pogo Mine Airstrip,GA,None,99,108,-0.0833
905,AL,AK,UGB,Pilot Point,Ugashik Bay,GA,None,98,156,-0.3718
911,AL,AK,PAQ,Palmer,Palmer Municipal,GA,None,90,0,0
916,AL,AK,IKO,Nikolski,Nikolski AS,GA,None,81,131,-0.3817
917,AL,AK,RDV,Red Devil,Red Devil,GA,None,81,77,0.0519
919,AL,AK,19P,Port Protection,Port Protection,GA,None,80,68,0.1765
920,AL,AK,SKW,Skwentna,Skwentna,GA,None,80,139,-0.4245
921,AL,AK,7AK,Akutan,Akutan,GA,None,79,0,0
922,AL,AK,AKW,Klawock,Klawock,GA,None,79,16,3.9375
923,AL,AK,KCC,Coffman Cove,Coffman Cove,GA,None,79,127,-0.378
924,AL,AK,WSB,Steamboat Bay,Steamboat Bay,GA,None,79,2,38.5
937,AL,AK,ENN,Nenana,Nenana Municipal,GA,None,71,71,0
942,AL,AK,EXI,Excursion Inlet,Excursion Inlet,GA,None,69,75,-0.08
945,AL,AK,C05,Chenega,Chenega Bay,GA,None,68,2542,-0.9732
948,AL,AK,15Z,McCarthy,McCarthy,GA,None,66,50,0.32
951,AL,AK,A29,Sitka,Sitka,GA,None,65,52,0.25
956,AL,AK,5NK,Naknek,Naknek,GA,None,61,120,-0.4917
968,AL,AK,CZN,Chisana,Chisana,GA,None,54,53,0.0189
971,AL,AK,WCR,Chandalar Lake,Chandalar Lake,GA,None,53,25,1.12
977,AL,AK,37AK,Big Mountain Radio Relay Site (U.S. Air Force),Big Mountain,GA,None,49,32,0.5313
982,AL,AK,A79,Chignik Lake,Chignik Lake,GA,None,48,35,0.3714
989,AL,AK,KKB,Kitoi Bay,Kitoi Bay,GA,None,44,19,1.3158
991,AL,AK,KKL,Karluk Lake,Karluk Lake,GA,None,43,0,0
992,AL,AK,KWP,West Point,West Point Village,GA,None,43,23,0.8696
997,AL,AK,MDO,Middleton Island,Middleton Island,GA,None,41,0,0
1006,AL,AK,7KA,Tatitlek,Tatitlek,GA,None,38,1761,-0.9784
1017,AL,AK,KPB,Point Baker,Point Baker,GA,None,33,23,0.4348
1018,AL,AK,KPR,Port Williams,Port Williams,GA,None,33,21,0.5714
1032,AL,AK,CYT,Yakataga,Yakataga,GA,None,30,24,0.25
1033,AL,AK,FNR,Funter Bay,Funter Bay,GA,None,30,15,1
1042,AL,AK,A14,Portage Creek,Portage Creek,GA,None,28,16,0.75
1061,AL,AK,90AK,Prudhoe Bay/Deadhorse,Northstar,GA,None,25,0,0
1064,AL,AK,D66,Delta Junction,Delta Junction,GA,None,25,7,2.5714
1080,AL,AK,SXQ,Soldotna,Soldotna,GA,None,24,16,0.5
1084,AL,AK,19AK,Icy Bay,Icy Bay,GA,None,22,21,0.0476
1086,AL,AK,CEM,Central,Central,GA,None,22,29,-0.2414
1093,AL,AK,Z17,Ophir,Ophir,GA,None,22,17,0.2941
1094,AL,AK,2AK6,Hogatza,Hog River,GA,None,21,15,0.4
1098,AL,AK,HRR,Healy,Healy River,GA,None,21,5,3.2
1099,AL,AK,KPY,Port Bailey,Port Bailey,GA,None,21,24,-0.125
1105,AL,AK,AK40,McGrath,Nixon Fork Mine,GA,None,20,2397,-0.9917
1119,AL,AK,WSJ,San Juan,San Juan /Uganik/,GA,None,20,13,0.5385
1129,AL,AK,2K5,Telida,Telida,GA,None,18,18,0
1131,AL,AK,5AK0,Trading Bay,Trading Bay Production,GA,None,18,0,0
1132,AL,AK,CHP,Circle Hot Springs,Circle Hot Springs,GA,None,18,12,0.5
1142,AL,AK,ZNC,Nyac,Nyac,GA,None,18,19,-0.0526
1153,AL,AK,CKX,Chicken,Chicken,GA,None,16,8,1
1159,AL,AK,HYG,Hydaburg,Hydaburg,GA,None,16,74,-0.7838
1164,AL,AK,AK81,Amook Bay,Amook Bay,GA,None,15,17,-0.1176
1167,AL,AK,CXC,Chitina,Chitina,GA,None,15,65,-0.7692
1182,AL,AK,KMY,Moser Bay,Moser Bay,GA,None,14,19,-0.2632
1190,AL,AK,9A8,Ugashik,Ugashik,GA,None,13,0,0
1194,AL,AK,FWL,Farewell,Farewell,GA,None,13,28,-0.5357
1196,AL,AK,KDK,Kodiak,Kodiak Municipal,GA,None,13,0,0
1246,AL,AK,9AK2,Russian Mission,Kako,GA,None,9,0,0
1259,AL,AK,KOY,Olga Bay,Olga Bay,GA,None,9,20,-0.55
1266,AL,AK,2AK,Lime Village,Lime Village,GA,None,8,9,-0.1111
1271,AL,AK,BIG,Delta Junction Ft Greely,Allen AAF,GA,None,8,9,-0.1111
1272,AL,AK,CYM,Chatham,Chatham,GA,None,8,8,0
1292,AL,AK,46AK,Homer,Bear Cove Farm,GA,None,7,6,0.1667
1312,AL,AK,ORT,Fairbanks North Star (Borough),Northway,GA,None,7,3,1.3333
1318,AL,AK,UBW,Kuparuk,Ugnu-Kuparuk,GA,None,7,94,-0.9255
1345,AL,AK,2Z6,False Island,False Island,GA,None,5,3,0.6667
1364,AL,AK,FLT,Flat,Flat,GA,None,5,10,-0.5
1445,AL,AK,4AK1,Deadhorse,Inigok,GA,None,3,3,0
1446,AL,AK,5A8,Aleknagik,Aleknagik /New,GA,None,3,1,2
1480,AL,AK,SWD,Seward,Seward,GA,None,3,8,-0.625
1493,AL,AK,4AK8,Napaimute,Napaimute Pioneer Airfield,GA,None,2,4,-0.5
1505,AL,AK,AK15,Deadhorse,Alpine Airstrip,GA,None,2,105,-0.981
1506,AL,AK,AK75,Candle,Candle 2,GA,None,2,2,0
1533,AL,AK,GSZ,Granite Mountain,Granite Mountain AS,GA,None,2,8,-0.75
1542,AL,AK,K29,Council,Council,GA,None,2,24,-0.9167
1543,AL,AK,KCR,Colorado Creek,Colorado Creek,GA,None,2,18,-0.8889
1552,AL,AK,MOS,Elim,Moses Point,GA,None,2,4,-0.5
74,SO,AL,BHM,Birmingham,Birmingham-Shuttlesworth International,P,S,1412483,1429282,-0.0118
112,SO,AL,HSV,Huntsville,Huntsville International-Carl T Jones Field,P,S,578993,614601,-0.0579
159,SO,AL,MOB,Mobile,Mobile Regional,P,N,277432,288461,-0.0382
190,SO,AL,MGM,Montgomery,Montgomery Regional (Dannelly Field),P,N,182313,188177,-0.0312
275,SO,AL,DHN,Dothan,Dothan Regional,P,N,46452,46388,0.0014
499,SO,AL,MSL,Muscle Shoals,Northwest Alabama Regional,CS,None,4160,7812,-0.4675
566,SO,AL,TCL,Tuscaloosa,Tuscaloosa Regional,GA,None,2489,2406,0.0345
614,SO,AL,AUO,Auburn,Auburn University Regional,GA,None,1686,582,1.8969
663,SO,AL,BFM,Mobile,Mobile Downtown,GA,None,1038,760,0.3658
735,SO,AL,ANB,Anniston,Anniston Regional,GA,None,524,586,-0.1058
979,SO,AL,JKA,Gulf Shores,Jack Edwards,GA,None,49,61,-0.1967
1028,SO,AL,CQF,Fairhope,H. L. (Sonny) Callahan,GA,None,31,7,3.4286
1038,SO,AL,TOI,Troy,Troy Municipal,GA,None,30,0,0
1073,SO,AL,1A9,Prattville,Prattville - Grouby Field,GA,None,24,24,0
1309,SO,AL,MVC,Monroeville,Monroe County,GA,None,7,0,0
1316,SO,AL,SCD,Sylacauga,Merkel Field Sylacauga Municipal,GA,None,7,2,2.5
1492,SO,AL,4A9,Fort Payne,Isbell Field,GA,None,2,0,0
1524,SO,AL,EKY,Bessemer,Bessemer,GA,None,2,4,-0.5
1547,SO,AL,MDQ,Huntsville,Madison County Executive/Tom Sharp Jr Field,GA,None,2,11,-0.8182
84,SW,AR,LIT,Little Rock,Bill and Hillary Clinton National/Adams Field,P,S,1111442,1063673,0.0449
114,SW,AR,XNA,Bentonville,Northwest Arkansas Regional,P,S,546845,538850,0.0148
234,SW,AR,FSM,Fort Smith,Fort Smith Regional,P,N,84751,84136,0.0073
314,SW,AR,TXK,Texarkana,Texarkana Regional-Webb Field,P,N,28080,28698,-0.0215
473,SW,AR,HRO,Harrison,Boone County,CS,None,5347,2771,0.9296
486,SW,AR,JBR,Jonesboro,Jonesboro Municipal,CS,None,4730,989,3.7826
535,SW,AR,ELD,El Dorado,South Arkansas Regional at Goodwin Field,CS,None,3059,1803,0.6966
568,SW,AR,HOT,Hot Springs,Memorial Field,GA,None,2452,1543,0.5891
629,SW,AR,FYV,Fayetteville,Drake Field,GA,None,1500,945,0.5873
638,SW,AR,LRF,Jacksonville,Little Rock AFB,GA,None,1322,964,0.3714
720,SW,AR,CVK,Ash Flat,Sharp County Regional,GA,None,602,0,0
953,SW,AR,ROG,Rogers,Rogers Municipal-Carter Field,GA,None,64,19,2.3684
1051,SW,AR,ASG,Springdale,Springdale Municipal,GA,None,27,10,1.7
1313,SW,AR,RUE,Russellville,Russellville Regional,GA,None,7,3,1.3333
1330,SW,AR,HKA,Blytheville,Blytheville Municipal,GA,None,6,2,2
1434,SW,AR,SUZ,Benton,Saline County Regional,GA,None,4,0,0
1451,SW,AR,BVX,Batesville,Batesville Regional,GA,None,3,4,-0.25
1513,SW,AR,BYH,Blytheville,Arkansas International,GA,None,2,1,1
1549,SW,AR,MEZ,Mena,Mena Intermountain Municipal,GA,None,2,1,1
1597,SW,AR,CDH,Camden,Harrell Field,GA,None,1,0,0
1614,SW,AR,MPJ,Morrilton,Petit Jean Park,GA,None,1,0,0
270,WP,AS,PPG,Pago Pago,Pago Pago International,P,N,49213,45486,0.0819
10,WP,AZ,PHX,Phoenix,Phoenix Sky Harbor International,P,L,19560870,19750306,-0.0096
65,WP,AZ,TUS,Tucson,Tucson International,P,S,1710649,1779679,-0.0388
99,WP,AZ,IWA,Mesa,Phoenix-Mesa Gateway,P,S,744685,521437,0.4281
142,WP,AZ,GCN,Grand Canyon,Grand Canyon National Park,P,N,336716,331924,0.0144
200,WP,AZ,1G4,Peach Springs,Grand Canyon West,P,N,147794,71316,1.0724
212,WP,AZ,IFP,Bullhead City,Laughlin/Bullhead International,P,N,110799,113280,-0.0219
235,WP,AZ,NYL,Yuma,Yuma MCAS/Yuma International,P,N,81377,82420,-0.0127
253,WP,AZ,FLG,Flagstaff,Flagstaff Pulliam,P,N,62472,60831,0.027
326,WP,AZ,PGA,Page,Page Municipal,P,N,23462,23938,-0.0199
443,WP,AZ,1Z1,Whitmore,Grand Canyon Bar Ten Airstrip,GA,None,7275,7293,-0.0025
475,WP,AZ,PRC,Prescott,Ernest A. Love Field,CS,None,5152,5159,-0.0014
503,WP,AZ,SOW,Show Low,Show Low Regional,CS,None,3852,3996,-0.036
557,WP,AZ,DVT,Phoenix,Phoenix Deer Valley,GA,None,2692,10,268.2
621,WP,AZ,SDL,Scottsdale,Scottsdale,GA,None,1618,95,16.0316
674,WP,AZ,IGM,Kingman,Kingman,GA,None,924,975,-0.0523
693,WP,AZ,CHD,Chandler,Chandler Municipal,GA,None,766,476,0.6092
715,WP,AZ,DMA,Tucson,Davis Monthan AFB,GA,None,620,269,1.3048
821,WP,AZ,FHU,Fort Huachuca,Sierra Vista Municipal-Libby AAF,GA,None,240,4,59
904,WP,AZ,L37,Peach Springs,Grand Canyon Caverns,GA,None,98,88,0.1136
918,WP,AZ,SEZ,Sedona,Sedona,GA,None,81,7,10.5714
963,WP,AZ,CMR,Williams,H.A. Clark Memorial Field,GA,None,57,0,0
993,WP,AZ,0V7,Kayenta,Kayenta,GA,None,42,267,-0.8427
1029,WP,AZ,P20,Parker,Avi Suquilla,GA,None,31,19,0.6316
1031,WP,AZ,AVQ,Marana,Marana Regional,GA,None,30,0,0
1122,WP,AZ,E25,Wickenburg,Wickenburg Municipal,GA,None,19,0,0
1148,WP,AZ,GYR,Goodyear,Phoenix Goodyear,GA,None,17,5,2.4
1179,WP,AZ,GEU,Glendale,Glendale Municipal,GA,None,14,1,13
1214,WP,AZ,FFZ,Mesa,Falcon Field,GA,None,11,0,0
1269,WP,AZ,AZ42,Phoenix,Asi,GA,None,8,7,0.1429
1284,WP,AZ,OLS,Nogales,Nogales International,GA,None,8,0,0
1326,WP,AZ,D68,Springerville,Springerville Municipal,GA,None,6,0,0
1379,WP,AZ,P13,Globe,San Carlos Apache,GA,None,5,0,0
1381,WP,AZ,SAD,Safford,Safford Regional,GA,None,5,0,0
1393,WP,AZ,40G,Grand Canyon,Valle,GA,None,4,0,0
1515,WP,AZ,CGZ,Casa Grande,Casa Grande Municipal,GA,None,2,4,-0.5
1592,WP,AZ,AZC,Colorado City,Colorado City Municipal,GA,None,1,1,0
3,WP,CA,LAX,Los Angeles,Los Angeles International,P,L,31326268,30528737,0.0261
7,WP,CA,SFO,San Francisco International Airport,San Francisco International,P,L,21284236,20056568,0.0612
28,WP,CA,SAN,San Diego,San Diego International,P,L,8686621,8465683,0.0261
33,WP,CA,OAK,Oakland,Metropolitan Oakland International,P,M,4926683,4550526,0.0827
38,WP,CA,SNA,Santa Ana,John Wayne Airport-Orange County,P,M,4381172,4247802,0.0314
39,WP,CA,SMF,Sacramento,Sacramento International,P,M,4357899,4370895,-0.003
43,WP,CA,SJC,San Jose,Norman Y. Mineta San Jose International,P,M,4077654,4108006,-0.0074
60,WP,CA,ONT,Ontario,Ontario International,P,M,2142393,2271458,-0.0568
61,WP,CA,BUR,Burbank,Bob Hope,P,M,2027203,2144915,-0.0549
70,WP,CA,LGB,Long Beach,Long Beach /Daugherty Field/,P,S,1554846,1512212,0.0282
93,WP,CA,PSP,Palm Springs,Palm Springs International,P,S,867720,759510,0.1425
108,WP,CA,FAT,Fresno,Fresno Yosemite International,P,S,640350,615320,0.0407
137,WP,CA,SBA,Santa Barbara,Santa Barbara Municipal,P,S,370600,367328,0.0089
182,WP,CA,MRY,Monterey,Monterey Regional,P,N,196268,181640,0.0805
198,WP,CA,BFL,Bakersfield,Meadows Field,P,N,152456,148347,0.0277
207,WP,CA,SBP,San Luis Obispo,San Luis County Regional,P,N,127336,132692,-0.0404
216,WP,CA,STS,Santa Rosa,Charles M. Schulz - Sonoma County,P,N,105728,102414,0.0324
251,WP,CA,SCK,Stockton,Stockton Metropolitan,P,N,63149,56044,0.1268
256,WP,CA,ACV,Arcata,Arcata,P,N,61705,70455,-0.1242
271,WP,CA,CRQ,Carlsbad,McClellan-Palomar,P,N,48474,45518,0.0649
278,WP,CA,SMX,Santa Maria,Santa Maria Public/Capt G Allan Hancock Field,P,N,44737,41620,0.0749
310,WP,CA,RDD,Redding,Redding Municipal,P,N,29175,38290,-0.2381
315,WP,CA,MMH,Mammoth Lakes,Mammoth Yosemite,P,N,27495,26201,0.0494
317,WP,CA,VCV,Victorville,Southern California Logistics,GA,None,26423,36445,-0.275
339,WP,CA,CIC,Chico,Chico Municipal,P,N,19269,20881,-0.0772
350,WP,CA,RIV,Riverside,March ARB,GA,None,16970,25322,-0.3298
364,WP,CA,MOD,Modesto,Modesto City County-Harry Sham Field,P,N,14741,18683,-0.211
379,WP,CA,CEC,Crescent City,Jack McNamara Field,P,N,12547,14887,-0.1572
446,WP,CA,IYK,Inyokern,Inyokern,CS,None,7024,8711,-0.1937
456,WP,CA,VNY,Van Nuys,Van Nuys,GA,None,6058,1018,4.9509
470,WP,CA,IPL,Imperial,Imperial County,CS,None,5491,6136,-0.1051
484,WP,CA,MER,Atwater,Castle,CS,None,4790,0,0
505,WP,CA,NKX,San Diego,Miramar MCAS/Mitscher Field,GA,None,3770,1108,2.4025
508,WP,CA,MCE,Merced,Merced Regional//Macready Field,CS,None,3724,3181,0.1707
523,WP,CA,VIS,Visalia,Visalia Municipal,CS,None,3354,2980,0.1255
581,WP,CA,NJK,El Centro,El Centro NAF,GA,None,2284,250,8.136
604,WP,CA,SNS,Salinas,Salinas Municipal,GA,None,1800,58,30.0345
670,WP,CA,NZY,San Diego,North Island NAS /Halsey Field/,GA,None,969,620,0.5629
701,WP,CA,SUU,Fairfield,Travis AFB,GA,None,720,1814,-0.6031
713,WP,CA,NTD,Point Mugu,Point Mugu NAS,GA,None,638,1839,-0.6531
732,WP,CA,SMO,Santa Monica,Santa Monica Municipal,GA,None,540,100,4.4
773,WP,CA,NUQ,Mountain View,Moffett Federal Airfield,GA,None,377,110,2.4273
803,WP,CA,MHR,Sacramento,Sacramento Mather,GA,None,276,5,54.2
823,WP,CA,APC,Napa,Napa County,GA,None,238,69,2.4493
844,WP,CA,EDW,Edwards,Edwards AFB,GA,None,195,0,0
845,WP,CA,SLI,Los Alamitos,Los Alamitos AAF,GA,None,186,0,0
848,WP,CA,SDM,San Diego,Brown Field Municipal,GA,None,172,58,1.9655
896,WP,CA,UDD,Palm Springs,Bermuda Dunes,GA,None,103,4,24.75
903,WP,CA,TRM,Palm Springs,Jacqueline Cochran Regional,GA,None,99,62,0.5968
928,WP,CA,FCH,Fresno,Fresno Chandler Executive,GA,None,76,118,-0.3559
931,WP,CA,TRK,Truckee,Truckee-Tahoe,GA,None,75,0,0
947,WP,CA,CCR,Concord,Buchanan Field,GA,None,67,15,3.4667
967,WP,CA,MCC,Sacramento,McClellan Airfield,GA,None,55,12,3.5833
974,WP,CA,TOA,Torrance,Zamperini Field,GA,None,51,0,0
978,WP,CA,HWD,Hayward,Hayward Executive,GA,None,49,2,23.5
980,WP,CA,VBG,Lompoc,Vandenberg AFB,GA,None,49,58,-0.1552
990,WP,CA,LVK,Livermore,Livermore Municipal,GA,None,44,2,21
1013,WP,CA,SAC,Sacramento,Sacramento Executive,GA,None,35,10,2.5
1019,WP,CA,SEE,San Diego,Gillespie Field,GA,None,33,0,0
1027,WP,CA,CMA,Camarillo,Camarillo,GA,None,31,6,4.1667
1036,WP,CA,SBD,San Bernardino,San Bernardino International,GA,None,30,11,1.7273
1070,WP,CA,TVL,South Lake Tahoe,Lake Tahoe,GA,None,25,32,-0.2188
1127,WP,CA,OXR,Oxnard,Oxnard,GA,None,19,3,5.3333
1137,WP,CA,PRB,Paso Robles,Paso Robles Municipal,GA,None,18,8,1.25
1234,WP,CA,MHV,Mojave,Mojave,GA,None,10,0,0
1280,WP,CA,MAE,Madera,Madera Municipal,GA,None,8,0,0
1317,WP,CA,SIY,Montague,Siskiyou County,GA,None,7,0,0
1325,WP,CA,CNO,Chino,Chino,GA,None,6,13,-0.5385
1333,WP,CA,LHM,Lincoln,Lincoln Regional/Karl Harder Field,GA,None,6,0,0
1355,WP,CA,DAG,Daggett,Barstow-Daggett,GA,None,5,1,4
1361,WP,CA,F70,Riverside (County),French Valley,GA,None,5,0,0
1367,WP,CA,HHR,Hawthorne,Jack Northrop Field/Hawthorne Municipal,GA,None,5,1,4
1376,WP,CA,O81,Alturas,Tulelake Municipal,GA,None,5,14,-0.6429
1424,WP,CA,O02,Beckwourth,Nervino,GA,None,4,0,0
1430,WP,CA,RAL,Riverside,Riverside Municipal,GA,None,4,3,0.3333
1454,WP,CA,C80,Coalinga,New Coalinga Municipal,GA,None,3,0,0
1523,WP,CA,DWA,Davis,Yolo County,GA,None,2,0,0
1544,WP,CA,L17,Taft,Taft-Kern County,GA,None,2,0,0
1555,WP,CA,MYF,San Diego,Montgomery Field,GA,None,2,62,-0.9677
1556,WP,CA,O46,Weed,Weed,GA,None,2,0,0
1560,WP,CA,OVE,Oroville,Oroville Municipal,GA,None,2,3,-0.3333
1591,WP,CA,APV,Apple Valley,Apple Valley,GA,None,1,0,0
9999,WP,CA,PMD,Palmdale,Palmdale USAF Plant 42,GA,None,0,0,0
5,NM,CO,DEN,Denver,Denver International,P,L,25799841,25667499,0.0052
95,NM,CO,COS,Colorado Springs,City of Colorado Springs Municipal,P,S,836998,828516,0.0102
174,NM,CO,GJT,Grand Junction,Grand Junction Regional,P,N,217369,217988,-0.0028
177,NM,CO,ASE,Aspen,Aspen-Pitkin County/Sardy Field,P,N,214892,221256,-0.0288
187,NM,CO,DRO,Durango,Durango-La Plata County,P,N,186567,175649,0.0622
194,NM,CO,EGE,Eagle,Eagle County Regional,P,N,167914,189276,-0.1129
223,NM,CO,HDN,Hayden,Yampa Valley,P,N,99969,106534,-0.0616
241,NM,CO,MTJ,Montrose,Montrose Regional,P,N,75296,87228,-0.1368
298,NM,CO,FNL,Loveland,Fort Collins-Loveland Municipal,P,N,34817,44999,-0.2263
306,NM,CO,GUC,Gunnison,Gunnison-Crested Butte Regional,P,N,31181,36516,-0.1461
418,NM,CO,PUB,Pueblo,Pueblo Memorial,CS,None,9812,22470,-0.5633
437,NM,CO,TEX,Telluride,Telluride Regional,CS,None,7828,11017,-0.2895
440,NM,CO,CEZ,Cortez,Cortez Municipal,CS,None,7548,6989,0.08
448,NM,CO,ALS,Alamosa,San Luis Valley Regional/Bergman Field,CS,None,6959,7104,-0.0204
728,NM,CO,APA,Englewood,Centennial,GA,None,563,488,0.1537
786,NM,CO,BJC,Broomfield,Rocky Mountain Metropolitan,GA,None,330,144,1.2917
826,NM,CO,BKF,Aurora,Buckley AFB,GA,None,235,300,-0.2167
952,NM,CO,RIL,Rifle,Garfield County Regional,GA,None,65,33,0.9697
1115,NM,CO,PSO,Pagosa Springs,Stevens Field,GA,None,20,8,1.5
1390,NM,CO,1V6,Canon City,Fremont County,GA,None,4,11,-0.6364
1470,NM,CO,LMO,Longmont,Vance Brand,GA,None,3,0,0
1500,NM,CO,7V2,Paonia,North Fork Valley,GA,None,2,4,-0.5
1502,NM,CO,A50,Ellicott,Colorado Springs East,GA,None,2,0,0
55,NE,CT,BDL,Windsor Locks,Bradley International,P,M,2647610,2772315,-0.045
295,NE,CT,HVN,New Haven,Tweed-New Haven,P,N,36975,40074,-0.0773
825,NE,CT,BDR,Bridgeport,Igor I Sikorsky Memorial,GA,None,235,211,0.1137
886,NE,CT,GON,Groton New London,Groton-New London,GA,None,118,162,-0.2716
933,NE,CT,OXC,Oxford,Waterbury-Oxford,GA,None,74,150,-0.5067
1097,NE,CT,HFD,Hartford,Hartford-Brainard,GA,None,21,35,-0.4
1193,NE,CT,DXR,Danbury,Danbury Municipal,GA,None,13,874,-0.9851
1494,NE,CT,4B8,Plainville,Robertson Field,GA,None,2,17,-0.8824
1551,NE,CT,MMK,Meriden,Meriden Markham Municipal,GA,None,2,3,-0.3333
658,EA,DE,ILG,Wilmington,New Castle,GA,None,1064,642,0.6573
702,EA,DE,DOV,Dover,Dover AFB,GA,None,717,753,-0.0478
1300,EA,DE,GED,Georgetown,Sussex County,GA,None,7,19,-0.6316
12,SO,FL,MIA,Miami,Miami International,P,L,18987488,18342158,0.0352
13,SO,FL,MCO,Orlando,Orlando International,P,L,17159427,17250415,-0.0053
21,SO,FL,FLL,Fort Lauderdale,Fort Lauderdale/Hollywood International,P,L,11445103,11332466,0.0099
29,SO,FL,TPA,Tampa,Tampa International,P,L,8218487,8174194,0.0054
48,SO,FL,RSW,Fort Myers,Southwest Florida International,P,M,3634152,3748366,-0.0305
54,SO,FL,PBI,West Palm Beach,Palm Beach International,P,M,2796359,2877158,-0.0281
58,SO,FL,JAX,Jacksonville,Jacksonville International,P,M,2579023,2700514,-0.045
92,SO,FL,SFB,Sanford,Orlando Sanford International,P,S,873069,768938,0.1354
100,SO,FL,PNS,Pensacola,Pensacola Gulf Coast Regional,P,S,740852,750190,-0.0124
109,SO,FL,SRQ,Sarasota,Sarasota/Bradenton International,P,S,637264,657157,-0.0303
123,SO,FL,PIE,Clearwater,St Petersburg-Clearwater International,P,S,436030,417223,0.0451
125,SO,FL,ECP,Panama City,Northwest Florida Beaches International,P,S,422750,417902,0.0116
135,SO,FL,VPS,Valparaiso,Eglin AFB,P,S,373542,434455,-0.1402
136,SO,FL,EYW,Key West,Key West International,P,S,370637,335603,0.1044
143,SO,FL,TLH,Tallahassee,Tallahassee Regional,P,N,331296,305686,0.0838
155,SO,FL,DAB,Daytona Beach,Daytona Beach International,P,N,290144,274166,0.0583
176,SO,FL,MLB,Melbourne,Melbourne International,P,N,215300,207829,0.0359
184,SO,FL,GNV,Gainesville,Gainesville Regional,P,N,190461,177282,0.0743
225,SO,FL,PGD,Punta Gorda,Punta Gorda,P,N,99897,147698,-0.3236
360,SO,FL,LAL,Lakeland,Lakeland Linder Regional,GA,None,15191,20282,-0.251
384,SO,FL,NIP,Jacksonville,Jacksonville NAS (Towers Field),GA,None,12106,13403,-0.0968
607,SO,FL,HRT,Mary Esther,Hurlburt Field,GA,None,1777,2659,-0.3317
668,SO,FL,OPF,Miami,Opa-Locka Executive,GA,None,974,69,13.1159
694,SO,FL,COF,Cocoa Beach,Patrick AFB,GA,None,753,889,-0.153
706,SO,FL,APF,Naples,Naples Municipal,GA,None,687,239,1.8745
709,SO,FL,MCF,Tampa,MacDill AFB,GA,None,670,873,-0.2325
716,SO,FL,PAM,Panama City,Tyndall AFB,GA,None,614,293,1.0956
724,SO,FL,NQX,Key West,Key West NAS /Boca Chica Field/,GA,None,593,553,0.0723
745,SO,FL,BCT,Boca Raton,Boca Raton,GA,None,480,171,1.807
761,SO,FL,SUA,Stuart,Witham Field,GA,None,426,72,4.9167
793,SO,FL,FXE,Fort Lauderdale,Fort Lauderdale Executive,GA,None,311,94,2.3085
805,SO,FL,OCF,Ocala,Ocala International-Jim Taylor Field,GA,None,270,365,-0.2603
846,SO,FL,ORL,Orlando,Executive,GA,None,180,1384,-0.8699
853,SO,FL,NPA,Pensacola,Pensacola NAS/Forrest Sherman Field/,GA,None,163,182,-0.1044
860,SO,FL,VRB,Vero Beach,Vero Beach Municipal,GA,None,142,49,1.898
868,SO,FL,TMB,Miami,Kendall-Tamiami Executive,GA,None,128,72,0.7778
878,SO,FL,ISM,Kissimmee,Kissimmee Gateway,GA,None,125,120,0.0417
885,SO,FL,DTS,Destin,Destin-Fort Walton Beach,GA,None,119,28,3.25
909,SO,FL,SGJ,Saint Augustine,Northeast Florida Regional,GA,None,95,10,8.5
941,SO,FL,EGI,Valparaiso,"Duke Field,(Eglin AF Aux Nr 3)",GA,None,69,0,0
972,SO,FL,FMY,Fort Myers,Page Field,GA,None,52,34,0.5294
985,SO,FL,NRB,Mayport,Mayport NS (Adm David L. McDonald Field),GA,None,46,161,-0.7143
1007,SO,FL,BOW,Bartow,Bartow Municipal,GA,None,38,1,37
1012,SO,FL,MKY,Marco Island,Marco Island,GA,None,36,0,0
1035,SO,FL,MTH,Marathon,The Florida Keys Marathon,GA,None,30,6,4
1060,SO,FL,07FA,Key Largo,Ocean Reef Club,GA,None,25,11,1.2727
1067,SO,FL,EVB,New Smyrna Beach,New Smyrna Beach Municipal,GA,None,25,0,0
1071,SO,FL,VNC,Venice,Venice Municipal,GA,None,25,13,0.9231
1156,SO,FL,FPR,Fort Pierce,St Lucie County International,GA,None,16,0,0
1195,SO,FL,GIF,Winter Haven,Winter Haven's Gilbert,GA,None,13,0,0
1216,SO,FL,OBE,Okeechobee,Okeechobee County,GA,None,11,0,0
1229,SO,FL,FHB,Fernandina Beach,Fernandina Beach Municipal,GA,None,10,1,9
1255,SO,FL,F45,West Palm Beach,North Palm Beach County General Aviation,GA,None,9,0,0
1369,SO,FL,LEE,Leesburg,Leesburg International,GA,None,5,0,0
1403,SO,FL,AVO,Avon Park,Avon Park Executive,GA,None,4,0,0
1409,SO,FL,CRG,Jacksonville,Jacksonville Executive at Craig,GA,None,4,0,0
1436,SO,FL,TIX,Titusville,Space Coast Regional,GA,None,4,15,-0.7333
1455,SO,FL,CEW,Crestview,Bob Sikes,GA,None,3,1,2
1471,SO,FL,LNA,West Palm Beach,Palm Beach County Park,GA,None,3,2,0.5
1489,SO,FL,2IS,Clewiston,Airglades,GA,None,2,0,0
1512,SO,FL,BKV,Brooksville,Hernando County,GA,None,2,0,0
1570,SO,FL,SEF,Sebring,Sebring Regional,GA,None,2,4,-0.5
1631,SO,FL,XFL,Bunnell,Flagler County,GA,None,1,1,0
1,SO,GA,ATL,Atlanta,Hartsfield - Jackson Atlanta International,P,L,45798928,44414121,0.0312
98,SO,GA,SAV,Savannah,Savannah/Hilton Head International,P,S,789663,785251,0.0056
163,SO,GA,AGS,Augusta,Augusta Regional at Bush Field,P,N,271740,267631,0.0154
243,SO,GA,CSG,Columbus,Columbus,P,N,74336,78718,-0.0557
294,SO,GA,VLD,Valdosta,Valdosta Regional,P,N,37030,38066,-0.0272
300,SO,GA,ABY,Albany,Southwest Georgia Regional,P,N,33494,33627,-0.004
305,SO,GA,BQK,Brunswick,Brunswick Golden Isles,P,N,31284,31655,-0.0117
348,SO,GA,SVN,Savannah,Hunter AAF,GA,None,17085,2747,5.2195
427,SO,GA,LSF,Fort Benning (U.S. Army),Lawson AAF (Fort Benning),GA,None,8527,8999,-0.0525
597,SO,GA,AHN,Athens,Athens/Ben Epps,GA,None,1941,1655,0.1728
660,SO,GA,WRB,Warner Robins,Robins AFB,GA,None,1049,1088,-0.0358
684,SO,GA,MCN,Macon,Middle Georgia Regional,GA,None,843,917,-0.0807
737,SO,GA,VAD,Valdosta,Moody AFB,GA,None,514,642,-0.1994
763,SO,GA,PDK,Atlanta,Dekalb-Peachtree,GA,None,422,320,0.3188
818,SO,GA,MGE,Marietta,Dobbins Air Reserve Base,GA,None,244,0,0
890,SO,GA,RYY,Marietta,Cobb County-McCollum Field,GA,None,111,28,2.9643
895,SO,GA,SSI,Brunswick,Malcolm McKinnon,GA,None,103,42,1.4524
929,SO,GA,FTY,Atlanta,Fulton County Airport-Brown Field,GA,None,75,1257,-0.9403
1095,SO,GA,3J7,Greensboro,Greene County Regional,GA,None,21,0,0
1104,SO,GA,TVI,Thomasville,Thomasville Regional,GA,None,21,4,4.25
1141,SO,GA,VPC,Cartersville,Cartersville,GA,None,18,1,17
1183,SO,GA,MGR,Moultrie,Moultrie Municipal,GA,None,14,12,0.1667
1225,SO,GA,DBN,Dublin,W H 'Bud' Barron,GA,None,10,0,0
1231,SO,GA,HQU,Thomson,Thomson-McDuffie County,GA,None,10,0,0
1244,SO,GA,TBR,Statesboro,Statesboro-Bulloch County,GA,None,10,0,0
1275,SO,GA,DNN,Dalton,Dalton Municipal,GA,None,8,3,1.6667
1293,SO,GA,4J6,Saint Marys,St Marys,GA,None,7,0,0
1332,SO,GA,JES,Jesup,Jesup-Wayne County,GA,None,6,0,0
1357,SO,GA,DNL,Augusta,Daniel Field,GA,None,5,0,0
1358,SO,GA,DQH,Douglas,Douglas Municipal,GA,None,5,0,0
1377,SO,GA,OPN,Thomaston,Thomaston-Upson County,GA,None,5,0,0
1410,SO,GA,CXU,Camilla,Camilla-Mitchell County,GA,None,4,0,0
1465,SO,GA,GVL,Gainesville,Lee Gilmer Memorial,GA,None,3,5,-0.4
1511,SO,GA,BGE,Bainbridge,Decatur County Industrial Air Park,GA,None,2,0,0
1564,SO,GA,PXE,Perry,Perry-Houston County,GA,None,2,0,0
1589,SO,GA,AJR,Cornelia,Habersham County,GA,None,1,0,0
1599,SO,GA,CVC,Covington,Covington Municipal,GA,None,1,0,0
71,WP,GU,GUM,Tamuning,Guam International,P,S,1477926,1369586,0.0791
616,WP,GU,UAM,"Andersen,Mariana Island",Andersen AFB,GA,None,1666,2166,-0.2308
27,WP,HI,HNL,Honolulu,Honolulu International,P,L,9225848,8689699,0.0617
53,WP,HI,OGG,Kahului,Kahului,P,M,2861278,2683933,0.0661
75,WP,HI,KOA,Kailua Kona,Kona International at Keahole,P,S,1367091,1295389,0.0554
77,WP,HI,LIH,Lihue,Lihue,P,S,1308549,1203525,0.0873
107,WP,HI,ITO,Hilo,Hilo International,P,S,641904,605251,0.0606
245,WP,HI,MKK,Kaunakakai,Molokai,P,N,72421,82136,-0.1183
276,WP,HI,LNY,Lanai City,Lanai,P,N,45692,43596,0.0481
279,WP,HI,JHM,Lahaina,Kapalua,GA,None,44568,43898,0.0153
529,WP,HI,LUP,Kalaupapa,Kalaupapa,CS,None,3186,520,5.1269
536,WP,HI,NGF,Kaneohe,Kaneohe Bay MCAS (Marion E. Carl Field),GA,None,3045,541,4.6285
839,WP,HI,HNM,Hana,Hana,GA,None,209,157,0.3312
1373,WP,HI,MUE,Kamuela,Waimea-Kohala,GA,None,5,26,-0.8077
86,CE,IA,DSM,Des Moines,Des Moines International,P,S,1018188,932828,0.0915
117,CE,IA,CID,Cedar Rapids,The Eastern Iowa,P,S,491806,431874,0.1388
303,CE,IA,DBQ,Dubuque,Dubuque Regional,P,N,32389,36148,-0.104
316,CE,IA,SUX,Sioux City,Sioux Gateway/Col. Bud Day Field,P,N,27168,28137,-0.0344
338,CE,IA,ALO,Waterloo,Waterloo Regional,P,N,19522,22297,-0.1245
436,CE,IA,BRL,Burlington,Southeast Iowa Regional,CS,None,7887,7020,0.1235
457,CE,IA,MCW,Mason City,Mason City Municipal,CS,None,6029,11594,-0.48
466,CE,IA,FOD,Fort Dodge,Fort Dodge Regional,CS,None,5625,10866,-0.4823
667,CE,IA,CBF,Council Bluffs,Council Bluffs Municipal,GA,None,982,0,0
802,CE,IA,AMW,Ames,Ames Municipal,GA,None,277,275,0.0073
958,CE,IA,IOW,Iowa City,Iowa City Municipal,GA,None,61,5,11.2
1004,CE,IA,EOK,Keokuk,Keokuk Municipal,GA,None,39,33,0.1818
1010,CE,IA,MPZ,Mount Pleasant,Mount Pleasant Municipal,GA,None,37,9,3.1111
1022,CE,IA,FSW,Fort Madison,Fort Madison Municipal,GA,None,32,26,0.2308
1242,CE,IA,SHL,Sheldon,Sheldon Municipal,GA,None,10,0,0
1296,CE,IA,AWG,Washington,Washington Municipal,GA,None,7,11,-0.3636
1299,CE,IA,FFL,Fairfield,Fairfield Municipal,GA,None,7,0,0
1338,CE,IA,RDK,Red Oak,Red Oak Municipal,GA,None,6,6,0
1356,CE,IA,DEH,Decorah,Decorah Municipal,GA,None,5,0,0
1359,CE,IA,DVN,Davenport,Davenport Municipal,GA,None,5,5,0
1374,CE,IA,MUT,Muscatine,Muscatine Municipal,GA,None,5,3,0.6667
1382,CE,IA,SDA,Shenandoah,Shenandoah Municipal,GA,None,5,0,0
1419,CE,IA,IA23,Guttenberg,GAA Private,GA,None,4,3,0.3333
1420,CE,IA,IKV,Ankeny,Ankeny Regional,GA,None,4,10,-0.6
1452,CE,IA,C25,Waverly,Waverly Municipal,GA,None,3,19,-0.8421
1453,CE,IA,C27,Manchester,Manchester Municipal,GA,None,3,4,-0.25
1478,CE,IA,SPW,Spencer,Spencer Municipal,GA,None,3,1,2
1519,CE,IA,CSQ,Creston,Creston Municipal,GA,None,2,9,-0.7778
1559,CE,IA,ORC,Orange City,Orange City Municipal,GA,None,2,0,0
1571,CE,IA,SLB,Storm Lake,Storm Lake Municipal,GA,None,2,1,1
1606,CE,IA,FXY,Forest City,Forest City Municipal,GA,None,1,0,0
78,NM,ID,BOI,Boise,Boise Air Terminal/Gowen Field,P,S,1307505,1395554,-0.0631
196,NM,ID,IDA,Idaho Falls,Idaho Falls Regional,P,N,160456,149315,0.0746
254,NM,ID,LWS,Lewiston,Lewiston-Nez Perce County,P,N,62197,62845,-0.0103
274,NM,ID,SUN,Hailey,Friedman Memorial,P,N,47734,50885,-0.0619
318,NM,ID,TWF,Twin Falls,Joslin Field - Magic Valley Regional,P,N,26059,38533,-0.3237
331,NM,ID,PIH,Arbon Valley,Pocatello Regional,P,N,22214,21566,0.03
687,NM,ID,MUO,Mountain Home,Mountain Home AFB,GA,None,819,1043,-0.2148
877,NM,ID,COE,Hayden Lake,Coeur D'Alene - Pappy Boyington Field,GA,None,125,48,1.6042
882,NM,ID,65S,Bonners Ferry,Boundary County,GA,None,123,87,0.4138
1053,NM,ID,GIC,Grangeville,Idaho County,GA,None,26,3,7.6667
1103,NM,ID,MYL,McCall,McCall Municipal,GA,None,21,29,-0.2759
1109,NM,ID,ID65,Coeur d'Alene,Pisch's Place,GA,None,20,0,0
1117,NM,ID,SZT,Sandpoint,Sandpoint,GA,None,20,15,0.3333
1213,NM,ID,EUL,Caldwell,Caldwell Industrial,GA,None,11,8,0.375
1226,NM,ID,DIJ,Driggs,Driggs-Reed Memorial,GA,None,10,14,-0.2857
1285,NM,ID,RXE,Rexburg,Rexburg-Madison County,GA,None,8,7,0.1429
1323,NM,ID,BYI,Burley,Burley Municipal,GA,None,6,7,-0.1429
1339,NM,ID,S72,Saint Maries,St Maries Municipal,GA,None,6,20,-0.7
1389,NM,ID,1U7,Paris,Bear Lake County,GA,None,4,0,0
1481,NM,ID,U01,American Falls,American Falls,GA,None,3,0,0
1487,NM,ID,1S6,Priest River,Priest River Municipal,GA,None,2,0,0
1623,NM,ID,S83,Kellogg,Shoshone County,GA,None,1,0,0
1627,NM,ID,U02,Blackfoot,McCarley Field,GA,None,1,3,-0.6667
2,GL,IL,ORD,Chicago,Chicago O'Hare International,P,L,32171795,31892301,0.0088
26,GL,IL,MDW,Chicago,Chicago Midway International,P,L,9436387,9134576,0.033
130,GL,IL,MLI,Moline,Quad City International,P,S,396460,412470,-0.0388
156,GL,IL,PIA,Peoria,General Downing - Peoria International,P,N,286507,249898,0.1465
166,GL,IL,BMI,Bloomington-Normal Airport,Central IL Regional Airport at Bloomington-Normal,P,N,240181,284852,-0.1568
215,GL,IL,RFD,Rockford,Chicago/Rockford International,P,N,106412,102559,0.0376
232,GL,IL,CMI,Savoy,University of Illinois-Willard,P,N,86408,83731,0.032
250,GL,IL,SPI,Springfield,Abraham Lincoln Capital,P,N,65756,71862,-0.085
394,GL,IL,MWA,Marion,Williamson County Regional,P,N,11411,10558,0.0808
410,GL,IL,UIN,Quincy,Quincy Regional-Baldwin Field,P,N,10165,9083,0.1191
438,GL,IL,DEC,Decatur,Decatur,CS,None,7753,7808,-0.007
576,GL,IL,BLV,Belleville,Scott AFB/Midamerica,GA,None,2314,706,2.2776
588,GL,IL,PWK,Wheeling,Chicago Executive,GA,None,2147,1616,0.3286
784,GL,IL,DPA,DuPage (County),Dupage,GA,None,337,186,0.8118
817,GL,IL,CPS,Cahokia,St Louis Downtown,GA,None,244,111,1.1982
830,GL,IL,UGN,Waukegan,Waukegan Regional,GA,None,227,17,12.3529
1039,GL,IL,ARR,Aurora,Aurora Municipal,GA,None,29,26,0.1154
1089,GL,IL,I63,Mount Sterling,Mount Sterling Municipal,GA,None,22,0,0
1101,GL,IL,MDH,Carbondale,Southern Illinois,GA,None,21,21,0
1102,GL,IL,MQB,Macomb,Macomb Municipal,GA,None,21,153,-0.8627
1120,GL,IL,CTK,Canton,Ingersoll,GA,None,19,29,-0.3448
1130,GL,IL,3MY,Peoria,Mount Hawley Auxiliary,GA,None,18,31,-0.4194
1165,GL,IL,ALN,Alton,St Louis Regional,GA,None,15,8,0.875
1331,GL,IL,IKK,Kankakee,Greater Kankakee,GA,None,6,6,0
1371,GL,IL,LOT,Romeo (RR name for Romeoville),Lewis University,GA,None,5,14,-0.6429
1444,GL,IL,1H2,Effingham,Effingham County Memorial,GA,None,3,11,-0.7273
1485,GL,IL,1C5,Bolingbrook,Bolingbrook's Clow International,GA,None,2,0,0
1529,GL,IL,FOA,Flora,Flora Municipal,GA,None,2,0,0
1554,GL,IL,MTO,Mattoon,Coles County Memorial,GA,None,2,188,-0.9894
1576,GL,IL,TIP,Rantoul,Rantoul National Aviation Center-Frank Elliott Field,GA,None,2,1,1
1603,GL,IL,FEP,Freeport,Albertus,GA,None,1,0,0
49,GL,IN,IND,Indianapolis,Indianapolis International,P,M,3586422,3670396,-0.0229
154,GL,IN,SBN,South Bend,South Bend,P,N,299592,305386,-0.019
158,GL,IN,FWA,Fort Wayne,Fort Wayne International,P,N,280732,272796,0.0291
195,GL,IN,EVV,Evansville,Evansville Regional,P,N,164767,169426,-0.0275
392,GL,IN,GYY,Gary,Gary/Chicago International,P,N,11443,1420,7.0585
534,GL,IN,LAF,Lafayette,Purdue University,GA,None,3114,2131,0.4613
589,GL,IN,BAK,Columbus,Columbus Municipal,GA,None,2096,249,7.4177
596,GL,IN,BMG,Bloomington,Monroe County,GA,None,1956,2036,-0.0393
742,GL,IN,HUF,Terre Haute,Terre Haute International-Hulman Field,GA,None,494,586,-0.157
747,GL,IN,MIE,Muncie,Delaware County Regional,GA,None,470,444,0.0586
897,GL,IN,ASW,Warsaw,Warsaw Municipal,GA,None,102,2,50
950,GL,IN,RID,Richmond,Richmond Municipal,GA,None,66,143,-0.5385
957,GL,IN,EYE,Indianapolis,Eagle Creek Airpark,GA,None,61,64,-0.0469
1152,GL,IN,TYQ,Zionsville,Indianapolis Executive,GA,None,17,166,-0.8976
1189,GL,IN,4I7,Greencastle,Putnam County,GA,None,13,0,0
1252,GL,IN,C65,Plymouth,Plymouth Municipal,GA,None,9,3,2
1253,GL,IN,CEV,Connersville,Mettel Field,GA,None,9,0,0
1257,GL,IN,GSH,Goshen,Goshen Municipal,GA,None,9,0,0
1267,GL,IN,AID,Anderson,Anderson Municipal-Darlington Field,GA,None,8,0,0
1278,GL,IN,HNB,Huntingburg,Huntingburg,GA,None,8,0,0
1308,GL,IN,MQJ,McCordsville,Indianapolis Regional,GA,None,7,7,0
1310,GL,IN,MZZ,Marion,Marion Municipal,GA,None,7,0,0
1360,GL,IN,EKM,Elkhart,Elkhart Municipal,GA,None,5,0,0
1427,GL,IN,OXI,Knox,Starke County,GA,None,4,0,0
1496,GL,IN,5I4,Sheridan,Sheridan,GA,None,2,0,0
1550,GL,IN,MGC,Michigan City,Michigan City Municipal-Phillips Field,GA,None,2,0,0
1580,GL,IN,UMP,Fishers,Indianapolis Metropolitan,GA,None,2,17,-0.8824
1583,GL,IN,VPZ,Valparaiso,Porter County Regional,GA,None,2,30,-0.9333
101,CE,KS,ICT,Wichita,Wichita Mid-Continent,P,S,735270,740675,-0.0073
247,CE,KS,MHK,Manhattan,Manhattan Regional,P,N,69038,58672,0.1767
344,CE,KS,GCK,Garden City,Garden City Regional,P,N,18375,11690,0.5719
403,CE,KS,LBL,Liberal,Liberal Mid-America Regional,P,N,10487,8007,0.3097
404,CE,KS,HYS,Hays,Hays Regional,P,N,10381,11397,-0.0891
428,CE,KS,FOE,Topeka,Forbes Field,GA,None,8476,7015,0.2083
454,CE,KS,DDC,Dodge City,Dodge City Regional,CS,None,6155,4501,0.3675
516,CE,KS,SLN,Salina,Salina Regional,CS,None,3526,2857,0.2342
672,CE,KS,GBD,Great Bend,Great Bend Municipal,GA,None,943,1021,-0.0764
743,CE,KS,GLD,Goodland,Renner Field /Goodland Municipal/,GA,None,493,565,-0.1274
787,CE,KS,CNU,Chanute,Chanute Martin Johnson,GA,None,330,396,-0.1667
820,CE,KS,PTS,Pittsburg,Atkinson Municipal,GA,None,241,329,-0.2675
907,CE,KS,IXD,Olathe,New Century Aircenter,GA,None,97,30,2.2333
910,CE,KS,IAB,Wichita,McConnell AFB,GA,None,93,382,-0.7565
955,CE,KS,TOP,Topeka,Philip Billard Municipal,GA,None,62,171,-0.6374
1024,CE,KS,LWC,Lawrence,Lawrence Municipal,GA,None,32,110,-0.7091
1467,CE,KS,HUT,Hutchinson,Hutchinson Municipal,GA,None,3,1,2
1525,CE,KS,EMP,Emporia,Emporia Municipal,GA,None,2,0,0
52,SO,KY,CVG,Greater Cincinnati International Airport,Cincinnati/Northern Kentucky International,P,M,2937850,3422466,-0.1416
68,SO,KY,SDF,Louisville,Louisville International-Standiford Field,P,S,1642790,1650707,-0.0048
115,SO,KY,LEX,Lexington,Blue Grass,P,S,535541,533952,0.003
307,SO,KY,OWB,Owensboro,Owensboro-Daviess County,P,N,30795,17296,0.7805
335,SO,KY,PAH,Paducah,Barkley Regional,P,N,20734,17978,0.1533
416,SO,KY,HOP,Fort Campbell,Campbell AAF (Fort Campbell),GA,None,9960,7315,0.3616
695,SO,KY,BWG,Bowling Green,Bowling Green-Warren County Regional,GA,None,750,784,-0.0434
753,SO,KY,LOU,Louisville,Bowman Field,GA,None,450,6,74
1040,SO,KY,HVC,Hopkinsville,Hopkinsville-Christian County,GA,None,29,3,8.6667
1146,SO,KY,FFT,Frankfort,Capital City,GA,None,17,1,16
1337,SO,KY,PBX,Pikeville,Pike County-Hatcher Field,GA,None,6,15,-0.6
1408,SO,KY,CPF,Hazard,Wendell H Ford,GA,None,4,3,0.3333
1413,SO,KY,DWU,Worthington,Ashland Regional,GA,None,4,0,0
1447,SO,KY,6I2,Springfield,Lebanon-Springfield,GA,None,3,0,0
1488,SO,KY,2I0,Madisonville,Madisonville Municipal,GA,None,2,0,0
1522,SO,KY,DVK,Danville,Stuart Powell Field,GA,None,2,13,-0.8462
1596,SO,KY,BYL,Williamsburg,Williamsburg-Whitley County,GA,None,1,42,-0.9762
41,SW,LA,MSY,Metairie,Louis Armstrong New Orleans International,P,M,4293624,4255411,0.009
129,SW,LA,BTR,Baton Rouge,"Baton Rouge Metropolitan, Ryan Field",P,S,406318,396403,0.025
160,SW,LA,SHV,Shreveport,Shreveport Regional,P,N,276460,265104,0.0428
171,SW,LA,LFT,Lafayette,Lafayette Regional,P,N,226504,222795,0.0166
185,SW,LA,AEX,Alexandria,Alexandria International,P,N,189476,188286,0.0063
222,SW,LA,MLU,Monroe,Monroe Regional,P,N,101034,107290,-0.0583
262,SW,LA,LCH,Lake Charles,Lake Charles Regional,P,N,56815,61325,-0.0735
631,SW,LA,BAD,Bossier City,Barksdale AFB,GA,None,1452,1213,0.197
686,SW,LA,ARA,New Iberia,Acadiana Regional,GA,None,833,67,11.4328
770,SW,LA,NEW,New Orleans,Lakefront,GA,None,391,56,5.9821
801,SW,LA,CWF,Lake Charles,Chennault International,GA,None,279,265,0.0528
842,SW,LA,NBG,New Orleans,New Orleans NAS Jrb/Alvin Callender Field/,GA,None,206,55,2.7455
930,SW,LA,L31,Covington,St. Tammany Regional,GA,None,75,0,0
1002,SW,LA,DTN,Shreveport,Shreveport Downtown,GA,None,40,3,12.3333
1076,SW,LA,IER,Natchitoches,Natchitoches Regional,GA,None,24,4,5
1123,SW,LA,GAO,Galliano,South Lafourche Leonard Miller Jr,GA,None,19,0,0
1180,SW,LA,HDC,Hammond,Hammond Northshore Regional,GA,None,14,8,0.75
1181,SW,LA,HUM,Houma,Houma-Terrebonne,GA,None,14,9,0.5556
1191,SW,LA,ASD,Slidell,Slidell,GA,None,13,0,0
1289,SW,LA,UXL,Sulphur,Southland Field,GA,None,8,0,0
19,NE,MA,BOS,Boston,General Edward Lawrence Logan International,P,L,14293695,14180730,0.008
192,NE,MA,ACK,Nantucket,Nantucket Memorial,P,N,179128,169352,0.0577
228,NE,MA,HYA,Hyannis,Barnstable Municipal-Boardman/Polando Field,P,N,95717,100596,-0.0485
269,NE,MA,MVY,Vineyard Haven,Marthas Vineyard,P,N,50484,49095,0.0283
383,NE,MA,EWB,New Bedford,New Bedford Regional,P,N,12256,11152,0.099
390,NE,MA,PVC,Provincetown,Provincetown Municipal,P,N,11580,10967,0.0559
397,NE,MA,BED,Bedford,Laurence G Hanscom Field,P,N,11097,10893,0.0187
400,NE,MA,ORH,Worcester,Worcester Regional,GA,None,10750,53541,-0.7992
640,NE,MA,CEF,Springfield/Chicopee,Westover ARB/Metropolitan,GA,None,1302,2976,-0.5625
754,NE,MA,BAF,Westfield,Westfield-Barnes Regional,GA,None,448,273,0.641
900,NE,MA,BVY,Beverly,Beverly Municipal,GA,None,100,77,0.2987
962,NE,MA,OWD,Norwood,Norwood Memorial,GA,None,58,69,-0.1594
970,NE,MA,PSF,Pittsfield,Pittsfield Municipal,GA,None,53,38,0.3947
994,NE,MA,CQX,Chatham,Chatham Municipal,GA,None,42,65,-0.3538
1160,NE,MA,LWM,Lawrence,Lawrence Municipal,GA,None,16,14,0.1429
1207,NE,MA,PYM,Plymouth,Plymouth Municipal,GA,None,12,49,-0.7551
1220,NE,MA,1B9,Mansfield,Mansfield Municipal,GA,None,10,4,1.5
1294,NE,MA,7B2,Northampton,Northampton,GA,None,7,0,0
1388,NE,MA,1B2,Edgartown,Katama Airpark,GA,None,4,13,-0.6923
1415,NE,MA,FIT,Fitchburg,Fitchburg Municipal,GA,None,4,0,0
1450,NE,MA,AQW,North Adams,Harriman-And-West,GA,None,3,14,-0.7857
1495,NE,MA,5B6,Falmouth,Falmouth Airpark,GA,None,2,0,0
22,EA,MD,BWI,Glen Burnie,Baltimore/Washington International Thurgood Marshall,P,L,11186444,11067319,0.0108
240,EA,MD,SBY,Salisbury,Salisbury-Ocean City Wicomico Regional,P,N,76372,72568,0.0524
407,EA,MD,HGR,Hagerstown,Hagerstown Regional-Richard A Henson Field,P,N,10207,5618,0.8168
485,EA,MD,ADW,Camp Springs,Joint Base Andrews,GA,None,4744,4421,0.0731
833,EA,MD,MTN,Middle River,Martin State,GA,None,219,82,1.6707
934,EA,MD,ESN,Easton,Easton/Newnam Field,GA,None,72,9,7
1023,EA,MD,GAI,Gaithersburg,Montgomery County Airpark,GA,None,32,38,-0.1579
1178,EA,MD,FDK,Frederick,Frederick Municipal,GA,None,14,7,1
1248,EA,MD,ANP,Annapolis,Lee,GA,None,9,6,0.5
1327,EA,MD,DMW,Westminster,Carroll County Regional/Jack B Poage Field,GA,None,6,0,0
1514,EA,MD,CBE,Wiley Ford,Greater Cumberland Regional,GA,None,2,0,0
96,NE,ME,PWM,Portland,Portland International Jetport,P,S,799136,833005,-0.0407
153,NE,ME,BGR,Bangor,Bangor International,P,N,302610,391597,-0.2272
355,NE,ME,RKD,Rockland,Knox County Regional,P,N,15720,16680,-0.0576
381,NE,ME,PQI,Presque Isle,Northern Maine Regional Airport at Presque Isle,P,N,12412,14264,-0.1298
415,NE,ME,BHB,Bar Harbor,Hancock County-Bar Harbor,P,N,10006,12510,-0.2002
483,NE,ME,AUG,Augusta,Augusta State,CS,None,4791,5611,-0.1461
539,NE,ME,70B,Millinocket,Millinocket,GA,None,3000,3000,0
730,NE,ME,M57,Rangeley,Rangeley Lake,GA,None,560,0,0
856,NE,ME,8B0,Rangeley,Steven A. Bean Municipal,GA,None,160,0,0
861,NE,ME,CAR,Caribou,Caribou Municipal,GA,None,140,0,0
986,NE,ME,57B,Islesboro,Islesboro,GA,None,45,130,-0.6538
1055,NE,ME,ME3,Ashland,Bradford Camps,GA,None,26,0,0
1125,NE,ME,LEW,Auburn,Auburn/Lewiston Municipal,GA,None,19,8,1.375
1168,NE,ME,IZG,Fryeburg,Eastern Slopes Regional,GA,None,15,43,-0.6512
1215,NE,ME,IWI,Wiscasset,Wiscasset,GA,None,11,5,1.2
1218,NE,ME,WVL,Waterville,Waterville Robert Lafleur,GA,None,11,1,10
1251,NE,ME,BXM,Brunswick,Brunswick Executive,GA,None,9,18,-0.5
1265,NE,ME,0B1,Bethel,Bethel Regional,GA,None,8,6,0.3333
1340,NE,ME,SFM,Sanford,Sanford Seacoast Regional,GA,None,6,14,-0.5714
1372,NE,ME,MLT,Millinocket,Millinocket Municipal,GA,None,5,0,0
1392,NE,ME,3B1,Greenville,Greenville Municipal,GA,None,4,0,0
1463,NE,ME,FVE,Frenchville,Northern Aroostook Regional,GA,None,3,0,0
1548,NE,ME,ME2,Cutler,Cutler Regional,GA,None,2,11,-0.8182
1609,NE,ME,HUL,Houlton,Houlton International,GA,None,1,0,0
17,GL,MI,DTW,Detroit,Detroit Metropolitan Wayne County,P,L,15599879,15716865,-0.0074
85,GL,MI,GRR,Grand Rapids,Gerald R. Ford International,P,S,1063153,1126552,-0.0563
126,GL,MI,FNT,Flint,Bishop International,P,S,412326,473113,-0.1285
179,GL,MI,LAN,Clinton (Township of),Capital Region International,P,N,200836,186341,0.0778
191,GL,MI,TVC,Traverse City,Cherry Capital,P,N,179879,170977,0.0521
205,GL,MI,MBS,Saginaw,MBS International,P,N,134801,136594,-0.0131
206,GL,MI,AZO,Kalamazoo,Kalamazoo/Battle Creek International,P,N,127517,148634,-0.1421
293,GL,MI,SAW,Gwinn,Sawyer International,P,N,38302,52326,-0.268
320,GL,MI,CMX,Hancock,Houghton County Memorial,P,N,25545,23024,0.1095
321,GL,MI,PLN,Pellston,Pellston Regional Airport of Emmet County,P,N,24864,22708,0.0949
332,GL,MI,CVX,Charlevoix,Charlevoix Municipal,P,N,21309,16852,0.2645
337,GL,MI,CIU,Sault Ste. Marie,Chippewa County International,P,N,19824,18717,0.0591
346,GL,MI,MKG,Muskegon,Muskegon County,P,N,17816,14101,0.2635
369,GL,MI,6Y8,Beaver Island,Welke,GA,None,13526,16246,-0.1674
371,GL,MI,ESC,Escanaba,Delta County,P,N,13480,13478,0.0001
376,GL,MI,APN,Alpena,Alpena County Regional,P,N,13011,12320,0.0561
421,GL,MI,YIP,Detroit,Willow Run,GA,None,9482,5407,0.7537
425,GL,MI,IMT,Iron Mountain,Ford,CS,None,8755,11324,-0.2269
472,GL,MI,SJX,Beaver Island,Beaver Island,CS,None,5368,0,0
494,GL,MI,MGN,Harbor Springs,Harbor Springs,GA,None,4503,4213,0.0688
547,GL,MI,PTK,Pontiac,Oakland County International,CS,None,2876,1437,1.0014
549,GL,MI,MBL,Manistee,Manistee County-Blacker,CS,None,2822,11220,-0.7485
565,GL,MI,IWD,Ironwood,Gogebic-Iron County,CS,None,2532,3391,-0.2533
612,GL,MI,BIV,Holland,West Michigan Regional,GA,None,1732,2256,-0.2323
722,GL,MI,GLR,Gaylord,Gaylord Regional,GA,None,600,625,-0.04
752,GL,MI,LDM,Ludington,Mason County,GA,None,456,25,17.24
812,GL,MI,MCD,Mackinac Island,Mackinac Island,GA,None,257,178,0.4438
866,GL,MI,ANJ,Sault Ste. Marie,Sault Ste Marie Municipal/Sanderson Field,GA,None,133,100,0.33
915,GL,MI,BTL,Battle Creek,W K Kellogg,GA,None,81,286,-0.7168
940,GL,MI,DET,Detroit,Coleman A. Young Municipal,GA,None,69,54,0.2778
1056,GL,MI,MOP,Mount Pleasant,Mount Pleasant Municipal,GA,None,26,36,-0.2778
1063,GL,MI,CAD,Cadillac,Wexford County,GA,None,25,30,-0.1667
1114,GL,MI,PHN,Port Huron,St Clair County International,GA,None,20,2,9
1136,GL,MI,IRS,Sturgis,Kirsch Municipal,GA,None,18,1,17
1249,GL,MI,BEH,Benton Harbor,Southwest Michigan Regional,GA,None,9,6,0.5
1297,GL,MI,BAX,Bad Axe,Huron County Memorial,GA,None,7,0,0
1416,GL,MI,FKS,Frankfort,Frankfort Dow Memorial Field,GA,None,4,0,0
1468,GL,MI,JXN,Jackson,Jackson County-Reynolds Field,GA,None,3,10,-0.7
1490,GL,MI,3GM,Grand Haven,Grand Haven Memorial Airpark,GA,None,2,4,-0.5
1501,GL,MI,8D4,Sparta,Paul C. Miller-Sparta,GA,None,2,11,-0.8182
1503,GL,MI,ACB,Bellaire,Antrim County,GA,None,2,1,1
1507,GL,MI,ARB,Ann Arbor,Ann Arbor Municipal,GA,None,2,4,-0.5
1528,GL,MI,FFX,Fremont,Fremont Municipal,GA,None,2,1,1
1538,GL,MI,HYX,Saginaw,Saginaw County H.W. Browne,GA,None,2,0,0
1565,GL,MI,RQB,Big Rapids,Roben-Hood,GA,None,2,6,-0.6667
1608,GL,MI,HTL,Houghton Lake,Roscommon County - Blodgett Memorial,GA,None,1,3,-0.6667
16,GL,MN,MSP,Minneapolis,Minneapolis-St Paul International/Wold-Chamberlain,P,L,15943878,15895653,0.003
197,GL,MN,DLH,Duluth,Duluth International,P,N,158569,146620,0.0815
219,GL,MN,RST,Rochester,Rochester International,P,N,105371,110295,-0.0446
329,GL,MN,BJI,Bemidji,Bemidji Regional,P,N,22374,23910,-0.0642
356,GL,MN,BRD,Brainerd,Brainerd Lakes Regional,P,N,15630,17574,-0.1106
357,GL,MN,INL,International Falls,Falls International,P,N,15240,15157,0.0055
385,GL,MN,HIB,Hibbing,Range Regional,P,N,11921,12272,-0.0286
550,GL,MN,TVF,Thief River Falls,Thief River Falls Regional,CS,None,2819,2418,0.1658
669,GL,MN,STC,St. Cloud,St. Cloud Regional,GA,None,973,165,4.897
884,GL,MN,STP,St. Paul,St Paul Downtown Holman Field,GA,None,120,124,-0.0323
1041,GL,MN,ONA,Winona,Winona Municipal-Max Conrad Field,GA,None,29,9,2.2222
1057,GL,MN,OTG,Worthington,Worthington Municipal,GA,None,26,0,0
1087,GL,MN,CNB,Canby,Myers Field,GA,None,22,0,0
1118,GL,MN,TKC,Tracy,Tracy Municipal,GA,None,20,0,0
1228,GL,MN,EVM,Eveleth,Eveleth-Virginia Municipal,GA,None,10,8,0.25
1235,GL,MN,MJQ,Jackson,Jackson Municipal,GA,None,10,0,0
1264,GL,MN,SGS,South St. Paul,South St Paul Municipal-Richard E Fleming Field,GA,None,9,1,8
1277,GL,MN,FCM,Minneapolis,Flying Cloud,GA,None,8,48,-0.8333
1306,GL,MN,MKT,Mankato,Mankato Regional,GA,None,7,0,0
1362,GL,MN,FBL,Faribault,Faribault Municipal,GA,None,5,0,0
1400,GL,MN,ANE,Blaine,Anoka County-Blaine Airport(Janes Field),GA,None,4,18,-0.7778
1449,GL,MN,ACQ,Waseca,Waseca Municipal,GA,None,3,0,0
1461,GL,MN,ELO,Ely,Ely Municipal,GA,None,3,8,-0.625
1532,GL,MN,GPZ,Grand Rapids,Grand Rapids/Itasca County Airport-Gordon Newstrom Field,GA,None,2,0,0
1534,GL,MN,GYL,Glencoe,Glencoe Municipal,GA,None,2,0,0
1566,GL,MN,RWF,Redwood Falls,Redwood Falls Municipal,GA,None,2,0,0
1605,GL,MN,FRM,Fairmont,Fairmont Municipal,GA,None,1,0,0
1619,GL,MN,OWA,Owatonna,Owatonna Degner Regional,GA,None,1,0,0
1624,GL,MN,SBU,Blue Earth,Blue Earth Municipal,GA,None,1,0,0
31,CE,MO,STL,St. Louis,Lambert-St Louis International,P,M,6208750,6159090,0.0081
34,CE,MO,MCI,Kansas City,Kansas City International,P,M,4866850,5011000,-0.0288
139,CE,MO,SGF,Springfield,Springfield-Branson National,P,N,364689,349091,0.0447
213,CE,MO,BBG,Branson,Branson,GA,None,110078,102093,0.0782
284,CE,MO,COU,Columbia,Columbia Regional,P,N,41573,40990,0.0142
323,CE,MO,JLN,Joplin,Joplin Regional,P,N,24489,27379,-0.1056
435,CE,MO,TBN,Fort Leonard Wood (U.S. Army),Waynesville-St. Robert Regional Forney Field,CS,None,7894,6978,0.1313
453,CE,MO,CGI,Scott City,Cape Girardeau Regional,CS,None,6232,5940,0.0492
465,CE,MO,IRK,Kirksville,Kirksville Regional,CS,None,5744,5100,0.1263
582,CE,MO,MKC,Kansas City,Charles B. Wheeler Downtown,GA,None,2261,2121,0.066
679,CE,MO,SUS,Chesterfield,Spirit of St. Louis,GA,None,876,1504,-0.4176
789,CE,MO,SZL,Knob Noster,Whiteman AFB,GA,None,318,251,0.2669
852,CE,MO,STJ,St. Joseph,Rosecrans Memorial,GA,None,167,105,0.5905
1050,CE,MO,AIZ,Kaiser,Lee C Fine Memorial,GA,None,27,18,0.5
1169,CE,MO,JEF,Jefferson City,Jefferson City Memorial,GA,None,15,6,1.5
1233,CE,MO,LXT,Lee's Summit,Lee's Summit Municipal,GA,None,10,6,0.6667
1262,CE,MO,POF,Poplar Bluff,Poplar Bluff Municipal,GA,None,9,221,-0.9593
1276,CE,MO,EIW,New Madrid,County Memorial,GA,None,8,0,0
1301,CE,MO,HAE,Hannibal,Hannibal Regional,GA,None,7,0,0
1437,CE,MO,UNO,West Plains,West Plains Regional,GA,None,4,0,0
1469,CE,MO,K15,Osage Beach,Grand Glaize- Osage Beach,GA,None,3,2,0.5
1530,CE,MO,FWB,Branson West,Branson West Municipal - Emerson Field,GA,None,2,0,0
1629,CE,MO,VIH,Vichy,Rolla National,GA,None,1,4,-0.75
127,WP,MP,GSN,Saipan,Francisco C. Ada/Saipan International,P,S,411735,382386,0.0768
372,WP,MP,GRO,Rota Island,Benjamin Taisacan Mangiona International,P,N,13206,20961,-0.37
408,WP,MP,TNI,Tinian (Municipality),Tinian International,P,N,10203,16706,-0.3893
111,SO,MS,JAN,Jackson,Jackson-Medgar Wiley Evers International,P,S,611592,615622,-0.0065
131,SO,MS,GPT,Gulfport,Gulfport-Biloxi International,P,S,394110,395350,-0.0031
285,SO,MS,UTA,Tunica,Tunica Municipal,GA,None,40782,41670,-0.0213
290,SO,MS,GTR,Columbus,Golden Triangle Regional,P,N,38856,35860,0.0835
366,SO,MS,MEI,Meridian,Key Field,P,N,14432,18008,-0.1986
368,SO,MS,PIB,Moselle,Hattiesburg-Laurel Regional,P,N,13857,16095,-0.139
430,SO,MS,TUP,Tupelo,Tupelo Regional,CS,None,8191,12615,-0.3507
474,SO,MS,GLH,Greenville,Mid Delta Regional,CS,None,5181,7417,-0.3015
740,SO,MS,UOX,Oxford,University-Oxford,GA,None,503,563,-0.1066
794,SO,MS,HSA,Bay St. Louis,Stennis International,GA,None,305,0,0
1090,SO,MS,MCB,McComb,McComb/Pike County/John E Lewis Field,GA,None,22,0,0
1108,SO,MS,HKS,Jackson,Hawkins Field,GA,None,20,30,-0.3333
1304,SO,MS,MBO,Madison,Bruce Campbell Field,GA,None,7,5,0.4
1329,SO,MS,HBG,Hattiesburg,Hattiesburg Bobby L Chain Municipal,GA,None,6,26,-0.7692
1344,SO,MS,VKS,Vicksburg,Vicksburg Municipal,GA,None,6,0,0
1365,SO,MS,GNF,Grenada,Grenada Municipal,GA,None,5,60,-0.9167
1472,SO,MS,LUL,Laurel,Hesler-Noble Field,GA,None,3,0,0
1516,SO,MS,CKM,Clarksdale,Fletcher Field,GA,None,2,0,0
1573,SO,MS,STF,Starkville,George M Bryan,GA,None,2,52,-0.9615
122,NM,MT,BIL,Billings,Billings Logan International,P,S,440277,407375,0.0808
124,NM,MT,BZN,Bozeman,Bozeman Yellowstone International,P,S,434038,397870,0.0909
152,NM,MT,MSO,Missoula,Missoula International,P,N,303886,292501,0.0389
183,NM,MT,GPI,Kalispell,Glacier Park International,P,N,192439,179064,0.0747
186,NM,MT,GTF,Great Falls,Great Falls International,P,N,186790,168158,0.1108
229,NM,MT,HLN,Helena,Helena Regional,P,N,95374,100695,-0.0528
334,NM,MT,BTM,Butte,Bert Mooney,P,N,20895,24806,-0.1577
386,NM,MT,SDY,Sidney,Sidney-Richland Municipal,P,N,11858,5557,1.1339
480,NM,MT,WYS,West Yellowstone,Yellowstone,CS,None,4965,5323,-0.0673
540,NM,MT,OLF,Wolf Point,L M Clayton,CS,None,2987,1479,1.0196
595,NM,MT,GGW,Glasgow,Wokal Field/Glasgow International,GA,None,1975,1835,0.0763
648,NM,MT,HVR,Havre,Havre City-County,GA,None,1186,1025,0.1571
696,NM,MT,GDV,Glendive,Dawson Community,GA,None,746,703,0.0612
779,NM,MT,MLS,Miles City,Frank Wiley Field,GA,None,360,591,-0.3909
783,NM,MT,LWT,Lewistown,Lewistown Municipal,GA,None,343,348,-0.0144
870,NM,MT,6S8,Laurel,Laurel Municipal,GA,None,126,0,0
1192,NM,MT,DLN,Dillon,Dillon,GA,None,13,5,1.6
1286,NM,MT,S27,Kalispell,Kalispell City,GA,None,8,0,0
1315,NM,MT,S59,Libby,Libby,GA,None,7,24,-0.7083
1350,NM,MT,8U4,Spotted Bear,Spotted Bear /USFS/,GA,None,5,8,-0.375
1397,NM,MT,8S1,Polson,Polson,GA,None,4,0,0
1429,NM,MT,PWD,Plentywood,Sher-Wood,GA,None,4,0,0
1456,NM,MT,CII,Choteau,Choteau,GA,None,3,0,0
1499,NM,MT,6S5,Hamilton,Ravalli County,GA,None,2,1,1
1588,NM,MT,8U2,Schafer,Schafer /USFS/,GA,None,1,0,0
1622,NM,MT,S34,Plains,Plains,GA,None,1,0,0
8,SO,NC,CLT,Charlotte,Charlotte/Douglas International,P,L,20033816,19022535,0.0532
37,SO,NC,RDU,Raleigh,Raleigh-Durham International,P,M,4490374,4462508,0.0062
91,SO,NC,GSO,Greensboro,Piedmont Triad International,P,S,889135,894290,-0.0058
132,SO,NC,ILM,Wilmington,Wilmington International,P,S,392155,395156,-0.0076
146,SO,NC,AVL,Asheville,Asheville Regional,P,N,318395,361617,-0.1195
164,SO,NC,FAY,Fayetteville,Fayetteville Regional/Grannis Field,P,N,255406,259445,-0.0156
193,SO,NC,OAJ,Jacksonville,Albert J Ellis,P,N,174358,170118,0.0249
208,SO,NC,EWN,New Bern,Coastal Carolina Regional,P,N,125873,124085,0.0144
255,SO,NC,PGV,Greenville,Pitt-Greenville,P,N,61987,62071,-0.0014
343,SO,NC,NKT,Cherry Point,Cherry Point MCAS /Cunningham Field/,GA,None,18444,36097,-0.489
367,SO,NC,POB,Fayetteville,Pope AAF,GA,None,14277,18747,-0.2384
401,SO,NC,JQF,Concord,Concord Regional,GA,None,10729,10961,-0.0212
463,SO,NC,ISO,Kinston,Kinston Regional Jetport at Stallings Field,GA,None,5764,6313,-0.087
691,SO,NC,RWI,Rocky Mount,Rocky Mount-Wilson Regional,GA,None,786,969,-0.1889
729,SO,NC,GSB,Goldsboro,Seymour Johnson AFB,GA,None,563,1144,-0.5079
738,SO,NC,INT,Winston-Salem,Smith Reynolds,GA,None,511,474,0.0781
927,SO,NC,SOP,Pinehurst/Southern Pines,Moore County,GA,None,77,16,3.8125
1034,SO,NC,HKY,Hickory,Hickory Regional,GA,None,30,0,0
1096,SO,NC,BUY,Burlington,Burlington-Alamance Regional,GA,None,21,5,3.2
1184,SO,NC,MRN,Lenoir,Foothills Regional,GA,None,14,0,0
1263,SO,NC,RUQ,Salisbury,Rowan County,GA,None,9,0,0
1288,SO,NC,SUT,Southport,Cape Fear Regional Jetport/Howie Franklin Field,GA,None,8,0,0
1307,SO,NC,MQI,Manteo,Dare County Regional,GA,None,7,8,-0.125
1368,SO,NC,JNX,Smithfield,Johnston County,GA,None,5,0,0
1385,SO,NC,UKF,North Wilkesboro,Wilkes County,GA,None,5,0,0
1414,SO,NC,EDE,Edenton,Northeastern Regional,GA,None,4,6,-0.3333
1442,SO,NC,1A5,Franklin,Macon County,GA,None,3,0,0
1457,SO,NC,CTZ,Clinton,Clinton-Sampson County,GA,None,3,0,0
1459,SO,NC,ECG,Elizabeth City,Elizabeth City CG Air Station/Regional,GA,None,3,0,0
1460,SO,NC,EHO,Shelby,Shelby-Cleveland County Regional,GA,None,3,11,-0.7273
1462,SO,NC,EQY,Monroe,Charlotte-Monroe Executive,GA,None,3,0,0
1473,SO,NC,MEB,Maxton,Laurinburg-Maxton,GA,None,3,3,0
1557,SO,NC,OCW,Washington,Warren Field,GA,None,2,0,0
1558,SO,NC,ONX,Currituck,Currituck County Regional,GA,None,2,2,0
1616,SO,NC,NC06,Banner Elk,Elk River,GA,None,1,0,0
1626,SO,NC,SVH,Statesville,Statesville Regional,GA,None,1,0,0
138,GL,ND,FAR,Fargo,Hector International,P,S,369969,346459,0.0679
167,GL,ND,BIS,Bismarck,Bismarck Municipal,P,N,239018,197181,0.2122
172,GL,ND,MOT,Minot,Minot International,P,N,222188,151424,0.4673
202,GL,ND,GFK,Grand Forks,Grand Forks International,P,N,137953,118872,0.1605
286,GL,ND,ISN,Williston,Sloulin Field International,P,N,40667,28202,0.442
325,GL,ND,DIK,Dickinson,Dickinson - Theodore Roosevelt Regional,P,N,23729,19001,0.2488
513,GL,ND,JMS,Jamestown,Jamestown Regional,CS,None,3544,5355,-0.3382
542,GL,ND,DVL,Devils Lake,Devils Lake Regional,CS,None,2976,5599,-0.4685
718,GL,ND,MIB,Minot,Minot AFB,GA,None,608,576,0.0556
824,GL,ND,RDR,Grand Forks,Grand Forks AFB,GA,None,237,0,0
1432,GL,ND,S25,Watford City,Watford City Municipal,GA,None,4,0,0
1440,GL,ND,06D,Rolla,Rolla Municipal,GA,None,3,5,-0.4
1441,GL,ND,08D,Stanley,Stanley Municipal,GA,None,3,0,0
1477,GL,ND,RUG,Rugby,Rugby Municipal,GA,None,3,0,0
62,CE,NE,OMA,Omaha,Eppley Airfield,P,M,2018738,2047055,-0.0138
204,CE,NE,LNK,Lincoln,Lincoln,P,N,135085,135647,-0.0041
265,CE,NE,GRI,Grand Island,Central Nebraska Regional,P,N,56138,47167,0.1902
380,CE,NE,EAR,Kearney,Kearney Regional,P,N,12480,11019,0.1326
395,CE,NE,LBF,North Platte,North Platte Regional Airport Lee Bird Field,P,N,11210,10962,0.0226
405,CE,NE,BFF,Scottsbluff,Western Nebraska Regional/William B. Heilig Field,P,N,10356,9912,0.0448
590,CE,NE,CDR,Chadron,Chadron Municipal,GA,None,2037,1980,0.0288
620,CE,NE,MCK,McCook,McCook Ben Nelson Regional,GA,None,1623,1810,-0.1033
623,CE,NE,AIA,Alliance,Alliance Municipal,GA,None,1594,1730,-0.0786
653,CE,NE,OFF,Omaha,Offutt AFB,GA,None,1130,1275,-0.1137
774,CE,NE,AUH,Aurora,Aurora Municipal - Al Potter Field,GA,None,375,11500,-0.9674
1025,CE,NE,VTN,Valentine,Miller Field,GA,None,32,2,15
1049,CE,NE,SNY,Sidney,Sidney Municipal/Lloyd W. Carr Field,GA,None,28,0,0
1110,CE,NE,IML,Imperial,Imperial Municipal,GA,None,20,10,1
1187,CE,NE,OFK,Norfolk,Norfolk Regional/Karl Stefan Memorial Field,GA,None,14,0,0
1401,CE,NE,ANW,Ainsworth,Ainsworth Regional,GA,None,4,0,0
1426,CE,NE,ONL,O'Neill,The O'Neill Municipal-John L Baker Field,GA,None,4,0,0
1504,CE,NE,AFK,Nebraska City,Nebraska City Municipal,GA,None,2,2,0
82,NE,NH,MHT,Manchester,Manchester,P,S,1210189,1342308,-0.0984
370,NE,NH,PSM,Portsmouth,Portsmouth International at Pease,GA,None,13517,2012,5.7182
409,NE,NH,LEB,Lebanon,Lebanon Municipal,P,N,10191,9106,0.1192
966,NE,NH,CON,Concord,Concord Municipal,GA,None,55,247,-0.7773
1112,NE,NH,LCI,Laconia,Laconia Municipal,GA,None,20,54,-0.6296
1227,NE,NH,EEN,Keene,Dillant-Hopkins,GA,None,10,11,-0.0909
1351,NE,NH,ASH,Nashua,Boire Field,GA,None,5,12,-0.5833
1396,NE,NH,7B3,Hampton,Hampton Airfield,GA,None,4,0,0
1405,NE,NH,BML,Berlin,Berlin Regional,GA,None,4,1,3
14,EA,NJ,EWR,Newark,Newark Liberty International,P,L,17055993,16814092,0.0144
104,EA,NJ,ACY,Atlantic City,Atlantic City International,P,S,663142,668930,-0.0087
424,EA,NJ,MMU,Morristown,Morristown Municipal,GA,None,9209,4563,1.0182
444,EA,NJ,WRI,Wrightstown,McGuire Field (Joint Base McGuire Dix Lakehurst),GA,None,7178,10711,-0.3298
451,EA,NJ,TTN,Trenton,Trenton Mercer,CS,None,6459,3414,0.8919
455,EA,NJ,TEB,Teterboro,Teterboro,GA,None,6136,5071,0.21
938,EA,NJ,BLM,Belmar,Monmouth Executive,GA,None,70,84,-0.1667
1059,EA,NJ,WWD,Wildwood,Cape May County,GA,None,26,13,1
1200,EA,NJ,CDW,Caldwell,Essex County,GA,None,12,15,-0.2
1260,EA,NJ,MIV,Millville,Millville Municipal,GA,None,9,19,-0.5263
1290,EA,NJ,39N,Rocky Hill,Princeton,GA,None,7,9,-0.2222
1305,EA,NJ,MJX,Toms River,Ocean County,GA,None,7,4,0.75
1387,EA,NJ,19N,Berlin,Camden County,GA,None,4,10,-0.6
1545,EA,NJ,LDJ,Linden,Linden,GA,None,2,2,0
56,SW,NM,ABQ,Albuquerque,Albuquerque International Sunport,P,M,2630574,2768435,-0.0498
273,SW,NM,SAF,Santa Fe,Santa Fe Municipal,P,N,47847,43329,0.1043
299,SW,NM,ROW,Roswell,Roswell International Air Center,P,N,34652,37262,-0.07
347,SW,NM,HOB,Hobbs,Lea County Regional,P,N,17111,7346,1.3293
351,SW,NM,FMN,Farmington,Four Corners Regional,P,N,16337,16322,0.0009
553,SW,NM,CNM,Carlsbad,Cavern City Air Terminal,CS,None,2776,2707,0.0255
613,SW,NM,CVN,Clovis,Clovis Municipal,GA,None,1694,2033,-0.1667
636,SW,NM,SVC,Silver City,Grant County,GA,None,1363,1609,-0.1529
708,SW,NM,CVS,Clovis,Cannon AFB,GA,None,676,918,-0.2636
827,SW,NM,HMN,Alamogordo,Holloman AFB,GA,None,232,158,0.4684
913,SW,NM,ALM,Alamogordo,Alamogordo-White Sands Regional,GA,None,88,390,-0.7744
1065,SW,NM,E06,Lovington,Lea County-Zip Franklin Memorial,GA,None,25,0,0
1197,SW,NM,LVS,Las Vegas,Las Vegas Municipal,GA,None,13,0,0
1287,SW,NM,SKX,Taos,Taos Regional,GA,None,8,5,0.6
1319,SW,NM,0,Moriarty,Moriarty,GA,None,6,5,0.2
1366,SW,NM,GUP,Gallup,Gallup Municipal,GA,None,5,0,0
1404,SW,NM,AXX,Angel Fire,Angel Fire,GA,None,4,0,0
1479,SW,NM,SRR,Ruidoso,Sierra Blanca Regional,GA,None,3,0,0
1497,SW,NM,5T6,Santa Teresa,Dona Ana County at Santa Teresa,GA,None,2,0,0
1546,SW,NM,LRU,Las Cruces,Las Cruces International,GA,None,2,122,-0.9836
9,WP,NV,LAS,Las Vegas,McCarran International,P,L,19959651,19872617,0.0044
66,WP,NV,RNO,Reno,Reno/Tahoe International,P,S,1685333,1821051,-0.0745
181,WP,NV,BVU,Boulder City,Boulder City Municipal,P,N,200400,190716,0.0508
272,WP,NV,VGT,Las Vegas,North Las Vegas,GA,None,48271,55161,-0.1249
301,WP,NV,EKO,Elko,Elko Regional,P,N,33310,23543,0.4149
330,WP,NV,HND,Las Vegas,Henderson Executive,GA,None,22372,16946,0.3202
464,WP,NV,CXP,Carson City,Carson,GA,None,5754,276,19.8478
555,WP,NV,LSV,Las Vegas,Nellis AFB,GA,None,2725,3528,-0.2276
642,WP,NV,0L7,Jean,Jean,GA,None,1290,0,0
733,WP,NV,ELY,Ely,Ely /Yelland Field/,GA,None,534,589,-0.0934
746,WP,NV,67L,Mesquite,Mesquite,GA,None,478,12,38.8333
964,WP,NV,MEV,Minden,Minden-Tahoe,GA,None,57,0,0
1173,WP,NV,SPZ,Silver Springs,Silver Springs,GA,None,15,0,0
1476,WP,NV,RTS,Reno,Reno/Stead,GA,None,3,0,0
1617,WP,NV,NFL,Fallon,Fallon NAS /Van Voorhis Field/,GA,None,1,0,0
6,EA,NY,JFK,New York,John F Kennedy International,P,L,24520981,23664832,0.0362
20,EA,NY,LGA,New York,La Guardia,P,L,12818717,11989227,0.0692
57,EA,NY,BUF,Buffalo,Buffalo Niagara International,P,M,2592630,2582597,0.0039
81,EA,NY,ALB,Albany,Albany International,P,S,1222354,1216626,0.0047
83,EA,NY,ROC,Rochester,Greater Rochester International,P,S,1202903,1190967,0.01
87,EA,NY,SYR,Syracuse,Syracuse Hancock International,P,S,974293,982709,-0.0086
90,EA,NY,HPN,White Plains,Westchester County,P,S,893184,972385,-0.0815
103,EA,NY,ISP,Islip,Long Island MacArthur,P,S,667603,781396,-0.1456
188,EA,NY,SWF,Newburgh,Stewart International,P,N,185389,209966,-0.1171
201,EA,NY,ELM,Elmira,Elmira/Corning Regional,P,N,145243,152582,-0.0481
210,EA,NY,ITH,Ithaca,Ithaca Tompkins Regional,P,N,119608,121733,-0.0175
211,EA,NY,PBG,Plattsburgh,Plattsburgh International,P,N,112493,139698,-0.1947
218,EA,NY,BGM,Binghamton,Greater Binghamton/Edwin A Link Field,P,N,105494,108172,-0.0248
230,EA,NY,IAG,Niagara Falls,Niagara Falls International,P,N,88571,98982,-0.1052
349,EA,NY,ART,Watertown,Watertown International,P,N,16988,4449,2.8184
426,EA,NY,GTB,Fort Drum,Wheeler-Sack AAF,GA,None,8647,7061,0.2246
439,EA,NY,FRG,North Babylon,Republic,CS,None,7752,8638,-0.1026
458,EA,NY,SLK,Saranac Lake,Adirondack Regional,CS,None,6018,5770,0.043
479,EA,NY,OGS,Ogdensburg,Ogdensburg International,CS,None,5033,3589,0.4023
481,EA,NY,MSS,Massena,Massena International-Richards Field,CS,None,4964,4396,0.1292
530,EA,NY,JHW,Jamestown,Chautauqua County/Jamestown,CS,None,3173,3483,-0.089
675,EA,NY,RME,Rome,Griffiss International,GA,None,924,1332,-0.3063
768,EA,NY,HTO,East Hampton,East Hampton,GA,None,396,255,0.5529
822,EA,NY,ELZ,Wellsville,"Wellsville Municipal Airport,Tarantine Field",GA,None,239,1,238
828,EA,NY,FOK,Westhampton Beach,Francis S Gabreski,GA,None,231,95,1.4316
829,EA,NY,PEO,Penn Yan,Penn Yan,GA,None,230,5,45
832,EA,NY,6N5,New York,East 34th Street,GA,None,221,256,-0.1367
835,EA,NY,6N7,New York,New York Skyports Inc,GA,None,216,0,0
935,EA,NY,JRA,New York,West 30th St.,GA,None,72,76,-0.0526
973,EA,NY,MTP,Montauk,Montauk,GA,None,51,15,2.4
983,EA,NY,5B2,Saratoga Springs,Saratoga County,GA,None,47,31,0.5161
996,EA,NY,JRB,New York,Downtown Manhattan/Wall St,GA,None,41,0,0
1005,EA,NY,0B8,Fishers Island,Elizabeth Field,GA,None,38,46,-0.1739
1046,EA,NY,POU,Poughkeepsie,Dutchess County,GA,None,28,12,1.3333
1058,EA,NY,VGC,Hamilton,Hamilton Municipal,GA,None,26,2,12
1085,EA,NY,1B1,Hudson,Columbia County,GA,None,22,15,0.4667
1158,EA,NY,GVQ,Batavia,Genesee County,GA,None,16,0,0
1185,EA,NY,MSV,Monticello,Sullivan County International,GA,None,14,17,-0.1765
1201,EA,NY,GFL,Glens Falls,Floyd Bennett Memorial,GA,None,12,4,2
1203,EA,NY,LKP,Lake Placid,Lake Placid,GA,None,12,6,1
1224,EA,NY,CZG,Endicott,Tri-Cities,GA,None,10,0,0
1240,EA,NY,SCH,Schenectady,Schenectady County,GA,None,10,12,-0.1667
1281,EA,NY,MGJ,Montgomery,Orange County,GA,None,8,0,0
1291,EA,NY,44N,Millbrook,Sky Acres,GA,None,7,0,0
1320,EA,NY,0G7,Seneca Falls,Finger Lakes Regional,GA,None,6,13,-0.5385
1336,EA,NY,OLE,Olean,Cattaraugus County-Olean,GA,None,6,0,0
1349,EA,NY,6B9,Skaneateles,Skaneateles Aero Drome,GA,None,5,4,0.25
1354,EA,NY,D38,Canandaigua,Canandaigua,GA,None,5,5,0
1375,EA,NY,N03,Cortland,Cortland County-Chase Field,GA,None,5,0,0
1391,EA,NY,20N,Kingston,Kingston-Ulster,GA,None,4,0,0
1394,EA,NY,4B6,Ticonderoga,Ticonderoga Municipal,GA,None,4,0,0
1412,EA,NY,DKK,Dunkirk,Chautauqua County/Dunkirk,GA,None,4,0,0
1425,EA,NY,OIC,Norwich,Lt Warren Eaton,GA,None,4,0,0
1433,EA,NY,SDC,Sodus,Williamson-Sodus,GA,None,4,0,0
1466,EA,NY,HTF,Hornell,Hornell Municipal,GA,None,3,0,0
1563,EA,NY,PTD,Potsdam,Potsdam Municipal/Damon Field/,GA,None,2,7,-0.7143
1615,EA,NY,N23,Sidney,Sidney Municipal,GA,None,1,2,-0.5
40,GL,OH,CLE,Cleveland,Cleveland-Hopkins International,P,M,4346941,4401033,-0.0123
51,GL,OH,CMH,Columbus,Port Columbus International,P,M,3095575,3134379,-0.0124
79,GL,OH,DAY,Dayton,James M Cox Dayton International,P,S,1289758,1247333,0.034
89,GL,OH,CAK,Akron,Akron-Canton Regional,P,S,910712,814243,0.1185
238,GL,OH,TOL,Toledo,Toledo Express,P,N,78757,81127,-0.0292
287,GL,OH,YNG,Youngstown,Youngstown-Warren Regional,P,N,40102,37048,0.0824
387,GL,OH,LUK,Cincinnati,Cincinnati Municipal Airport Lunken Field,GA,None,11833,9308,0.2713
450,GL,OH,LCK,Columbus,Rickenbacker International,CS,None,6513,7597,-0.1427
603,GL,OH,BKL,Cleveland,Burke Lakefront,GA,None,1829,1357,0.3478
741,GL,OH,MFD,Mansfield,Mansfield Lahm Regional,GA,None,501,25,19.04
932,GL,OH,CGF,Cleveland,Cuyahoga County,GA,None,74,5,13.8
976,GL,OH,SGH,Springfield,Springfield-Beckley Municipal,GA,None,50,9,4.5556
1000,GL,OH,OSU,Columbus,Ohio State University,GA,None,41,44,-0.0682
1011,GL,OH,4I3,Mount Vernon,Knox County,GA,None,36,0,0
1044,GL,OH,HAO,Hamilton,Butler Co Regional-Hogan Field,GA,None,28,10,1.8
1052,GL,OH,DLZ,Delaware,Delaware Municipal - Jim Moore Field,GA,None,26,6,3.3333
1077,GL,OH,MGY,Dayton,Dayton-Wright Brothers,GA,None,24,0,0
1140,GL,OH,TDZ,Walbridge,Toledo Executive,GA,None,18,12,0.5
1205,GL,OH,PCW,Port Clinton,Carl R Keller Field,GA,None,12,7024,-0.9983
1283,GL,OH,MWO,Middletown,Middletown Regional/Hook Field,GA,None,8,1,7
1302,GL,OH,I23,Washington Court House,Fayette County,GA,None,7,0,0
1346,GL,OH,38D,Salem,Salem Airpark Inc,GA,None,5,27,-0.8148
1386,GL,OH,VES,Versailles,Darke County,GA,None,5,0,0
1411,GL,OH,CYO,Circleville,Pickaway County Memorial,GA,None,4,0,0
1422,GL,OH,LPR,Lorain,Lorain County Regional,GA,None,4,0,0
1443,GL,OH,1G3,Stow,Kent State University,GA,None,3,0,0
1482,GL,OH,UNI,Athens,Ohio University Snyder Field,GA,None,3,5,-0.4
1561,GL,OH,PHD,New Philadelphia,Harry Clever Field,GA,None,2,0,0
1562,GL,OH,PMH,Portsmouth,Greater Portsmouth Regional,GA,None,2,0,0
1579,GL,OH,TZR,Columbus,Bolton Field,GA,None,2,0,0
1590,GL,OH,AKR,Akron,Akron Fulton International,GA,None,1,2,-0.5
1611,GL,OH,I43,Jackson,James A Rhodes,GA,None,1,0,0
1613,GL,OH,LNN,Willoughby,Willoughby Lost Nation Municipal,GA,None,1,0,0
64,SW,OK,OKC,Oklahoma City,Will Rogers World,P,S,1801650,1738438,0.0364
76,SW,OK,TUL,Tulsa,Tulsa International,P,S,1324202,1346122,-0.0163
266,SW,OK,LAW,Lawton,Lawton-Fort Sill Regional,P,N,55678,63909,-0.1288
567,SW,OK,SWO,Stillwater,Stillwater Regional,GA,None,2474,2441,0.0135
652,SW,OK,TIK,Oklahoma City,Tinker AFB,GA,None,1153,1242,-0.0717
739,SW,OK,1F0,Ardmore,Ardmore Downtown Executive,GA,None,506,592,-0.1453
757,SW,OK,HHW,Hugo,Stan Stamper Municipal,GA,None,443,543,-0.1842
781,SW,OK,PWA,Oklahoma City,Wiley Post,GA,None,357,114,2.1316
810,SW,OK,MLC,McAlester,McAlester Regional,GA,None,259,0,0
874,SW,OK,OUN,Norman,University of Oklahoma Westheimer,GA,None,126,181,-0.3039
906,SW,OK,WWR,Woodward,West Woodward,GA,None,98,36,1.7222
1045,SW,OK,MIO,Miami,Miami Municipal,GA,None,28,0,0
1134,SW,OK,GOK,Guthrie,Guthrie-Edmond Regional,GA,None,18,0,0
1206,SW,OK,PNC,Ponca City,Ponca City Regional,GA,None,12,0,0
1239,SW,OK,RVS,Tulsa,Richard Lloyd Jones Jr,GA,None,10,10,0
1247,SW,OK,ADM,Ardmore,Ardmore Municipal,GA,None,9,60,-0.85
1363,SW,OK,FDR,Frederick,Frederick Regional,GA,None,5,0,0
1407,SW,OK,CHK,Chickasha,Chickasha Municipal,GA,None,4,0,0
1518,SW,OK,CLK,Clinton,Clinton Regional,GA,None,2,0,0
1531,SW,OK,GMJ,Grove,Grove Municipal,GA,None,2,0,0
1572,SW,OK,SRE,Seminole,Seminole Municipal,GA,None,2,0,0
1586,SW,OK,1K8,Ketchum,South Grand Lake Regional,GA,None,1,0,0
1595,SW,OK,BVO,Bartlesville,Bartlesville Municipal,GA,None,1,0,0
30,NM,OR,PDX,Portland,Portland International,P,M,7142620,6808486,0.0491
128,NM,OR,EUG,Eugene,Mahlon Sweet Field,P,S,407124,393504,0.0346
151,NM,OR,MFR,Medford,Rogue Valley International - Medford,P,N,313638,301742,0.0394
169,NM,OR,RDM,Redmond,Roberts Field,P,N,229736,230395,-0.0029
345,NM,OR,OTH,North Bend,Southwest Oregon Regional,P,N,18283,22066,-0.1714
358,NM,OR,LMT,Klamath Falls,Klamath Falls,P,N,15237,15856,-0.039
478,NM,OR,PDT,Pendleton,Eastern Oregon Regional at Pendleton,CS,None,5066,4952,0.023
615,NM,OR,UAO,Aurora,Aurora State,GA,None,1679,19,87.3684
785,NM,OR,AST,Astoria,Astoria Regional,GA,None,334,1383,-0.7585
871,NM,OR,HIO,Portland,Portland-Hillsboro,GA,None,126,71,0.7746
998,NM,OR,MMV,McMinnville,McMinnville Municipal,GA,None,41,2,19.5
1020,NM,OR,TTD,Portland,Portland-Troutdale,GA,None,33,0,0
1037,NM,OR,SPB,Scappoose,Scappoose Industrial Airpark,GA,None,30,0,0
1062,NM,OR,BDN,Bend,Bend Municipal,GA,None,25,11,1.2727
1088,NM,OR,CVO,Corvallis,Corvallis Municipal,GA,None,22,40,-0.45
1157,NM,OR,GCD,John Day,Grant County Regional/Ogilvie Field,GA,None,16,0,0
1170,NM,OR,RBG,Roseburg,Roseburg Regional,GA,None,15,40,-0.625
1188,NM,OR,ONO,Ontario,Ontario Municipal,GA,None,14,2,6
1217,NM,OR,SLE,Salem,McNary Field,GA,None,11,279,-0.9606
1245,NM,OR,4S2,Hood River,Ken Jernstedt Airfield,GA,None,9,26,-0.6538
1274,NM,OR,DLS,Klickitat (County),Columbia Gorge Regional/The Dalles Municipal,GA,None,8,2,3
1279,NM,OR,HRI,Hermiston,Hermiston Municipal,GA,None,8,0,0
1303,NM,OR,LGD,La Grande,La Grande/Union County,GA,None,7,0,0
1311,NM,OR,ONP,Newport,Newport Municipal,GA,None,7,1150,-0.9939
1347,NM,OR,3S8,Grants Pass,Grants Pass,GA,None,5,2,1.5
1352,NM,OR,BNO,Burns,Burns Municipal,GA,None,5,0,0
1491,NM,OR,3S9,Condon,Condon State Pauling Field,GA,None,2,3,-0.3333
1568,NM,OR,S03,Ashland,Ashland Municipal-Sumner Parker Field,GA,None,2,8,-0.75
18,EA,PA,PHL,Philadelphia,Philadelphia International,P,L,14589337,14883180,-0.0197
46,EA,PA,PIT,Pittsburgh,Pittsburgh International,P,M,3892338,4070614,-0.0438
105,EA,PA,MDT,Harrisburg,Harrisburg International,P,S,657074,655294,0.0027
141,EA,PA,ABE,Allentown,Lehigh Valley International,P,N,350066,428332,-0.1827
173,EA,PA,AVP,Avoca,Wilkes-Barre/Scranton International,P,N,222060,228367,-0.0276
203,EA,PA,UNV,State College,University Park,P,N,137599,144054,-0.0448
214,EA,PA,ERI,Erie,Erie International/Tom Ridge Field,P,N,109185,112749,-0.0316
237,EA,PA,LBE,Latrobe,Arnold Palmer Regional,P,N,79531,36971,1.1512
319,EA,PA,IPT,Williamsport,Williamsport Regional,P,N,25974,24508,0.0598
447,EA,PA,JST,Johnstown,John Murtha Johnstown-Cambria County,CS,None,6986,7956,-0.1219
462,EA,PA,LNS,Lititz,Lancaster,CS,None,5779,7575,-0.2371
477,EA,PA,DUJ,Brookville,Dubois Regional,CS,None,5074,5986,-0.1524
527,EA,PA,AOO,Altoona,Altoona-Blair County,CS,None,3256,4107,-0.2072
577,EA,PA,BFD,Bradford,Bradford Regional,GA,None,2310,2908,-0.2056
625,EA,PA,RDG,Reading,Reading Regional/Carl A Spaatz Field,GA,None,1556,2184,-0.2875
639,EA,PA,FKL,Franklin,Venango Regional,GA,None,1321,1284,0.0288
645,EA,PA,AGC,West Mifflin,Allegheny County,GA,None,1245,408,2.0515
831,EA,PA,PNE,Philadelphia,Northeast Philadelphia,GA,None,222,350,-0.3657
840,EA,PA,LOM,Ambler,Wings Field,GA,None,207,126,0.6429
984,EA,PA,AFJ,Washington,Washington County,GA,None,46,129,-0.6434
1043,EA,PA,GKJ,Meadville,Port Meadville,GA,None,28,0,0
1081,EA,PA,THV,York,York,GA,None,24,7,2.4286
1121,EA,PA,CXY,New Cumberland,Capital City,GA,None,19,4,3.75
1149,EA,PA,IDI,Indiana,Indiana County/Jimmy Stewart Field/,GA,None,17,18,-0.0556
1150,EA,PA,MQS,Coatesville,Chester County G O Carlson,GA,None,17,3,4.6667
1204,EA,PA,P72,Philadelphia,Penn's Landing,GA,None,12,0,0
1378,EA,PA,OQN,West Chester,Brandywine,GA,None,5,4,0.25
1423,EA,PA,MPO,Mount Pocono,Pocono Mountains Municipal,GA,None,4,0,0
1464,EA,PA,FWQ,West Newton,Rostraver,GA,None,3,0,0
1474,EA,PA,N94,Carlisle,Carlisle,GA,None,3,4,-0.25
1517,EA,PA,CKZ,Perkasie,Pennridge,GA,None,2,32,-0.9375
1535,EA,PA,HMZ,Bedford,Bedford County,GA,None,2,0,0
42,SO,PR,SJU,San Juan,Luis Munoz Marin International,P,M,4204478,3983130,0.0556
175,SO,PR,BQN,Aguadilla,Rafael Hernandez,P,N,215448,230556,-0.0655
227,SO,PR,PSE,Ponce,Mercedita,P,N,95787,95658,0.0013
264,SO,PR,VQS,Vieques,Antonio Rivera Rodriguez,P,N,56266,55647,0.0111
311,SO,PR,RVR,Ceiba,Jose Aponte De La Torre,P,N,28673,28165,0.018
340,SO,PR,SIG,San Juan,Fernando Luis Ribas Dominicci,P,N,18901,20353,-0.0713
423,SO,PR,CPX,Culebra,Benjamin Rivera Noriega,CS,None,9455,8979,0.053
460,SO,PR,MAZ,Mayaguez,Eugenio Maria De Hostos,CS,None,5856,4961,0.1804
63,NE,RI,PVD,Warwick,Theodore Francis Green State,P,S,1809322,1920699,-0.058
399,NE,RI,BID,Block Island,Block Island State,P,N,10841,10164,0.0666
414,NE,RI,WST,Westerly,Westerly State,P,N,10067,9203,0.0939
946,NE,RI,OQU,North Kingstown,Quonset State,GA,None,68,127,-0.4646
959,NE,RI,UUU,Newport,Newport State,GA,None,60,72,-0.1667
1625,NE,RI,SFZ,Pawtucket,North Central State,GA,None,1,11,-0.9091
80,SO,SC,CHS,Charleston,Charleston AFB/International,P,S,1283970,1247459,0.0293
88,SO,SC,GSP,Greer,Greenville Spartanburg International,P,S,936288,880994,0.0628
102,SO,SC,MYR,Myrtle Beach,Myrtle Beach International,P,S,722775,848230,-0.1479
118,SO,SC,CAE,Columbia,Columbia Metropolitan,P,S,487435,487474,-0.0001
249,SO,SC,FLO,Florence,Florence Regional,P,N,67745,68169,-0.0062
257,SO,SC,HXD,Hilton Head Island,Hilton Head,P,N,60372,61006,-0.0104
632,SO,SC,SSC,Sumter,Shaw AFB,GA,None,1442,1767,-0.1839
699,SO,SC,ARW,Beaufort,Beaufort County,GA,None,722,162,3.4568
707,SO,SC,NBC,Beaufort,Beaufort MCAS /Merritt Field/,GA,None,683,635,0.0756
766,SO,SC,AND,Anderson,Anderson Regional,GA,None,410,483,-0.1511
771,SO,SC,MMT,Eastover,Mc Entire Jngb,GA,None,386,0,0
799,SO,SC,GYH,Greenville,Donaldson Center,GA,None,290,1,289
864,SO,SC,JZI,Charleston,Charleston Executive,GA,None,135,18,6.5
925,SO,SC,AIK,Aiken,Aiken Municipal,GA,None,78,56,0.3929
1047,SO,SC,RBW,Walterboro,Lowcountry Regional,GA,None,28,1,27
1106,SO,SC,CEU,Seneca,Oconee County Regional,GA,None,20,0,0
1128,SO,SC,SPA,Spartanburg,Spartanburg Downtown Memorial,GA,None,19,4,3.75
1166,SO,SC,CKI,Kingstree,Williamsburg Regional,GA,None,15,0,0
1202,SO,SC,GMU,Greenville,Greenville Downtown,GA,None,12,10,0.2
1254,SO,SC,CRE,North Myrtle Beach,Grand Strand,GA,None,9,5,0.8
1438,SO,SC,UZA,Rock Hill,Rock Hill/York County/Bryant Field,GA,None,4,0,0
1510,SO,SC,BBP,Bennettsville,Marlboro County Jetport - H.E. Avent Field,GA,None,2,0,0
1598,SO,SC,CUB,Columbia,Jim Hamilton L.B. Owens,GA,None,1,0,0
1607,SO,SC,GGE,Georgetown,Georgetown County,GA,None,1,0,0
120,GL,SD,FSD,Sioux Falls,Joe Foss Field,P,S,453007,423288,0.0702
165,GL,SD,RAP,Rapid City,Rapid City Regional,P,N,252592,254292,-0.0067
322,GL,SD,ABR,Aberdeen,Aberdeen Regional,P,N,24822,24503,0.013
388,GL,SD,PIR,Pierre,Pierre Regional,P,N,11685,14802,-0.2106
452,GL,SD,ATY,Watertown,Watertown Regional,CS,None,6254,8984,-0.3039
618,GL,SD,HON,Huron,Huron Regional,GA,None,1650,1681,-0.0184
800,GL,SD,RCA,Rapid City,Ellsworth AFB,GA,None,288,904,-0.6814
837,GL,SD,SUO,Rosebud,Rosebud Sioux Tribal,GA,None,215,0,0
908,GL,SD,9V9,Chamberlain,Chamberlain Municipal,GA,None,96,6,15
939,GL,SD,ICR,Winner,Winner Regional,GA,None,70,0,0
949,GL,SD,IEN,Pine Ridge,Pine Ridge,GA,None,66,0,0
988,GL,SD,SPF,Spearfish,Black Hills-Clyde Ice Field,GA,None,45,13,2.4615
1001,GL,SD,YKN,Yankton,Chan Gurney Municipal,GA,None,41,4,9.25
1199,GL,SD,1D7,Webster,The Sigurd Anderson,GA,None,12,0,0
1210,GL,SD,9V6,Martin,Martin Municipal,GA,None,11,0,0
1221,GL,SD,AGZ,Wagner,Wagner Municipal,GA,None,10,0,0
1241,GL,SD,SD25,Ipswich,Rappe Field,GA,None,10,0,0
1406,GL,SD,BTN,Britton,Britton Municipal,GA,None,4,0,0
1582,GL,SD,VMR,Vermillion,Harold Davidson Field,GA,None,2,0,0
35,SO,TN,BNA,Nashville,Nashville International,P,M,4797102,4673047,0.0265
50,SO,TN,MEM,Memphis,Memphis International,P,M,3359668,4344213,-0.2266
94,SO,TN,TYS,Alcoa,McGhee Tyson,P,S,846278,841237,0.006
150,SO,TN,CHA,Chattanooga,Lovell Field,P,N,313861,304399,0.0311
178,SO,TN,TRI,Bristol/Johnson/Kingsport,Tri-Cities Regional TN/VA,P,N,206904,220586,-0.062
591,SO,TN,MKL,Jackson,McKellar-Sipes Regional,GA,None,2037,484,3.2087
704,SO,TN,MQY,Smyrna,Smyrna,GA,None,705,1557,-0.5472
811,SO,TN,CKV,Clarksville,Outlaw Field,GA,None,257,1088,-0.7638
862,SO,TN,NQA,Millington,Millington Regional Jetport,GA,None,140,0,0
914,SO,TN,SRB,Sparta,Upper Cumberland Regional,GA,None,87,0,0
961,SO,TN,JWN,Nashville,John C Tune,GA,None,58,1,57
1082,SO,TN,UCY,Union City,Everett-Stewart Regional,GA,None,24,0,0
1124,SO,TN,HDI,Cleveland,Hardwick Field,GA,None,19,13,0.4615
1328,SO,TN,GKT,Sevierville,Gatlinburg-Pigeon Forge,GA,None,6,0,0
1334,SO,TN,M33,Gallatin,Sumner County Regional,GA,None,6,0,0
1475,SO,TN,PVE,Darden,Beech River Regional,GA,None,3,0,0
4,SW,TX,DFW,Fort Worth,Dallas/Fort Worth International,P,L,28022904,27518358,0.0183
11,SW,TX,IAH,Houston,George Bush Intercontinental/Houston,P,L,19039000,19306660,-0.0139
32,SW,TX,HOU,Houston,William P Hobby,P,M,5043737,4753554,0.061
36,SW,TX,AUS,Austin,Austin-Bergstrom International,P,M,4606252,4436661,0.0382
44,SW,TX,SAT,San Antonio,San Antonio International,P,M,4036625,3992304,0.0111
45,SW,TX,DAL,Dallas,Dallas Love Field,P,M,3902628,3852886,0.0129
73,SW,TX,ELP,El Paso,El Paso International,P,S,1442102,1458965,-0.0116
116,SW,TX,MAF,Midland,Midland International,P,S,497193,474423,0.048
119,SW,TX,LBB,Lubbock,Lubbock Preston Smith International,P,S,475767,503580,-0.0552
133,SW,TX,AMA,Amarillo,Rick Husband Amarillo International,P,S,389284,392815,-0.009
134,SW,TX,HRL,Harlingen,Valley International,P,S,375472,359166,0.0454
145,SW,TX,MFE,McAllen,McAllen Miller International,P,N,327615,332706,-0.0153
149,SW,TX,CRP,Corpus Christi,Corpus Christi International,P,N,313969,322903,-0.0277
189,SW,TX,GRK,Killeen,Robert Gray AAF,P,N,183501,219753,-0.165
221,SW,TX,LRD,Laredo,Laredo International,P,N,102247,101780,0.0046
233,SW,TX,BRO,Brownsville,Brownsville/South Padre Island International,P,N,86090,85244,0.0099
242,SW,TX,ABI,Abilene,Abilene Regional,P,N,74523,80434,-0.0735
244,SW,TX,TYR,Tyler,Tyler Pounds Regional,P,N,73841,72602,0.0171
246,SW,TX,CLL,College Station,Easterwood Field,P,N,70551,71555,-0.014
258,SW,TX,ACT,Waco,Waco Regional,P,N,59836,61164,-0.0217
263,SW,TX,SJT,San Angelo,San Angelo Regional/Mathis Field,P,N,56301,54955,0.0245
291,SW,TX,SPS,Wichita Falls,Sheppard AFB/Wichita Falls Municipal,P,N,38836,37248,0.0426
324,SW,TX,BIF,Fort Bliss/El Paso/,Biggs AAF (Fort Bliss),GA,None,24026,29923,-0.1971
342,SW,TX,GGG,Longview,East Texas Regional,P,N,18787,21112,-0.1101
389,SW,TX,DRT,Del Rio,Del Rio International,P,N,11632,8438,0.3785
431,SW,TX,SKF,San Antonio,Lackland AFB (Kelly Field Annex),GA,None,8152,9281,-0.1216
467,SW,TX,BPT,Beaumont,Jack Brooks Regional,CS,None,5571,13670,-0.5925
490,SW,TX,VCT,Victoria,Victoria Regional,CS,None,4597,5200,-0.116
545,SW,TX,FTW,Fort Worth,Fort Worth Meacham International,GA,None,2894,2177,0.3294
637,SW,TX,AFW,Fort Worth,Fort Worth Alliance,GA,None,1348,1309,0.0298
666,SW,TX,EFD,Houston,Ellington,GA,None,1010,1032,-0.0213
676,SW,TX,DYS,Abilene,Dyess AFB,GA,None,916,642,0.4268
685,SW,TX,TKI,McKinney,Collin County Regional at McKinney,GA,None,834,22,36.9091
700,SW,TX,2F0,Iraan,Iraan Municipal,GA,None,720,24,29
798,SW,TX,SGR,Houston,Sugar Land Regional,GA,None,291,43,5.7674
804,SW,TX,ADS,Dallas,Addison,GA,None,270,45,5
809,SW,TX,07TA,Danbury,Salaika Aviation,GA,None,260,500,-0.48
815,SW,TX,NFW,Fort Worth,Fort Worth NAS Jrb/Carswell Field,GA,None,249,517,-0.5184
901,SW,TX,PSX,Palacios,Palacios Municipal,GA,None,100,0,0
943,SW,TX,RND,Universal City,Randolph AFB,GA,None,69,0,0
960,SW,TX,GKY,Arlington,Arlington Municipal,GA,None,58,25,1.32
987,SW,TX,FWS,Fort Worth,Fort Worth Spinks,GA,None,45,0,0
1003,SW,TX,DWH,Houston,David Wayne Hooks Memorial,GA,None,40,0,0
1014,SW,TX,UVA,Uvalde,Garner Field,GA,None,35,0,0
1021,SW,TX,E41,Big Lake,Reagan County,GA,None,32,40,-0.2
1054,SW,TX,GLE,Gainesville,Gainesville Municipal,GA,None,26,0,0
1066,SW,TX,E38,Alpine,Alpine-Casparis Municipal,GA,None,25,0,0
1075,SW,TX,ERV,Kerrville,Kerrville Municipal/Louis Schreiner Field,GA,None,24,0,0
1078,SW,TX,MRF,Marfa,Marfa Municipal,GA,None,24,0,0
1091,SW,TX,OZA,Ozona,Ozona Municipal,GA,None,22,20,0.1
1100,SW,TX,LLN,Levelland,Levelland Municipal,GA,None,21,0,0
1107,SW,TX,E11,Andrews,Andrews County,GA,None,20,20,0
1111,SW,TX,LBX,Angleton,Texas Gulf Coast Regional,GA,None,20,30,-0.3333
1126,SW,TX,MDD,Midland,Midland Airpark,GA,None,19,0,0
1133,SW,TX,EDC,Austin,Austin Executive,GA,None,18,0,0
1135,SW,TX,GTU,Georgetown,Georgetown Municipal,GA,None,18,0,0
1143,SW,TX,BWD,Brownwood,Brownwood Regional,GA,None,17,0,0
1147,SW,TX,GLS,Galveston,Scholes International at Galveston,GA,None,17,0,0
1154,SW,TX,COT,Cotulla,Cotulla-La Salle County,GA,None,16,12,0.3333
1176,SW,TX,DZB,Austin,Horseshoe Bay Resort,GA,None,14,0,0
1186,SW,TX,OCH,Nacogdoches,A L Mangham Jr. Regional,GA,None,14,0,0
1198,SW,TX,PRX,Paris,Cox Field,GA,None,13,0,0
1223,SW,TX,BYY,Bay City,Bay City Municipal,GA,None,10,10,0
1230,SW,TX,FST,Fort Stockton,Fort Stockton-Pecos County,GA,None,10,30,-0.6667
1243,SW,TX,T90,Winnie-Stowell (CCD),Chambers County-Winnie Stowell,GA,None,10,0,0
1250,SW,TX,BMQ,Burnet,Burnet Municipal Kate Craddock Field,GA,None,9,0,0
1261,SW,TX,PKV,Port Lavaca,Calhoun County,GA,None,9,0,0
1295,SW,TX,89TE,Lajitas,Lajitas International,GA,None,7,0,0
1321,SW,TX,49F,Rankin,Rankin,GA,None,6,20,-0.7
1341,SW,TX,SNK,Snyder,Winston Field,GA,None,6,0,0
1342,SW,TX,T57,Garland,Garland/DFW Heloplex,GA,None,6,12,-0.5
1399,SW,TX,ALI,Alice,Alice International,GA,None,4,0,0
1417,SW,TX,GYI,Grayson (County),North Texas Regional/Perrin Field,GA,None,4,0,0
1421,SW,TX,JCT,Junction,Kimble County,GA,None,4,0,0
1431,SW,TX,RKP,Rockport,Aransas County,GA,None,4,0,0
1435,SW,TX,SWW,Sweetwater,Avenger Field,GA,None,4,0,0
1458,SW,TX,CXO,Conroe,Lone Star Executive,GA,None,3,1,2
1484,SW,TX,11R,Brenham,Brenham Municipal,GA,None,2,0,0
1498,SW,TX,6R3,Cleveland,Cleveland Municipal,GA,None,2,0,0
1509,SW,TX,AXH,Houston,Houston-Southwest,GA,None,2,20,-0.9
1536,SW,TX,HQZ,Mesquite,Mesquite Metro,GA,None,2,0,0
1539,SW,TX,IKG,Kingsville,Kleberg County,GA,None,2,0,0
1540,SW,TX,IWS,Houston,West Houston,GA,None,2,1,1
1541,SW,TX,JAS,Jasper,Jasper County-Bell Field,GA,None,2,0,0
1574,SW,TX,T82,Fredericksburg,Gillespie County,GA,None,2,0,0
1575,SW,TX,TDW,Amarillo,Tradewind,GA,None,2,0,0
1577,SW,TX,TME,Katy,Houston Executive,GA,None,2,0,0
1578,SW,TX,TX25,Athens,Lochridge Ranch,GA,None,2,0,0
1581,SW,TX,VHN,Van Horn,Culberson County,GA,None,2,6,-0.6667
1587,SW,TX,81R,San Saba,San Saba County Municipal,GA,None,1,0,0
1593,SW,TX,BAZ,New Braunfels,New Braunfels Regional,GA,None,1,0,0
1594,SW,TX,BKD,Breckenridge,Stephens County,GA,None,1,0,0
1601,SW,TX,DTO,Denton,Denton Municipal,GA,None,1,2,-0.5
1602,SW,TX,F46,Rockwall,Ralph M Hall/Rockwall Municipal,GA,None,1,0,0
1628,SW,TX,UTS,Huntsville,Huntsville Municipal,GA,None,1,0,0
1009,WP,UM,MDY,Sand Island,Henderson Field,GA,None,37,367,-0.8992
24,NM,UT,SLC,Salt Lake City,Salt Lake City International,P,L,9579840,9701756,-0.0126
260,NM,UT,ENV,Wendover,Wendover,GA,None,59155,58457,0.0119
267,NM,UT,SGU,St. George,St George Municipal,P,N,53977,48582,0.111
309,NM,UT,PVU,Provo,Provo Municipal,P,N,29755,14858,1.0026
354,NM,UT,CDC,Cedar City,Cedar City Regional,P,N,15881,8690,0.8275
433,NM,UT,CNY,Moab,Canyonlands Field,CS,None,7955,9181,-0.1335
442,NM,UT,VEL,Vernal,Vernal Regional,CS,None,7370,5645,0.3056
498,NM,UT,OGD,Ogden,Ogden-Hinckley,CS,None,4290,121,34.4545
649,NM,UT,UT25,Monument Valley,Monument Valley,GA,None,1184,859,0.3783
656,NM,UT,LGU,Logan,Logan-Cache,GA,None,1076,1075,0.0009
681,NM,UT,UT03,Hanksville,Hite,GA,None,874,0,0
751,NM,UT,HIF,Ogden,Hill AFB,GA,None,458,937,-0.5112
791,NM,UT,KNB,Kanab,Kanab Municipal,GA,None,315,13,23.2308
795,NM,UT,DPG,Dugway Proving Ground,Michael AAF (Dugway Proving Ground),GA,None,295,64,3.6094
876,NM,UT,U34,Green River,Green River Municipal,GA,None,126,0,0
926,NM,UT,BCE,Bryce Canyon,Bryce Canyon,GA,None,78,27,1.8889
965,NM,UT,36U,Heber City,Heber City Municipal - Russ McDonald Field,GA,None,55,0,0
1074,NM,UT,74V,Roosevelt,Roosevelt Municipal,GA,None,24,25,-0.04
1079,NM,UT,RIF,Richfield,Richfield Municipal,GA,None,24,13,0.8462
1208,NM,UT,U55,Panguitch,Panguitch Municipal,GA,None,12,18,-0.3333
1238,NM,UT,PUC,Price,Carbon County Regional/Buck Davis Field,GA,None,10,13,-0.2308
1270,NM,UT,BDG,Blanding,Blanding Municipal,GA,None,8,6,0.3333
1384,NM,UT,U77,Spanish Fork,Spanish Fork-Springville-Woodhouse Field,GA,None,5,0,0
1486,NM,UT,1L7,Escalante,Escalante Municipal,GA,None,2,0,0
1600,NM,UT,DTA,Delta,Delta Municipal,GA,None,1,0,0
1604,NM,UT,FOM,Fillmore,Fillmore Municipal,GA,None,1,1,0
23,EA,VA,IAD,Dulles,Washington Dulles International,P,L,10816216,11044383,-0.0207
25,EA,VA,DCA,Arlington,Ronald Reagan Washington National,P,L,9462231,9053004,0.0452
67,EA,VA,ORF,Norfolk,Norfolk International,P,S,1651440,1606695,0.0278
69,EA,VA,RIC,Highland Springs,Richmond International,P,S,1582565,1571155,0.0073
147,EA,VA,ROA,Roanoke,Roanoke Regional/Woodrum Field,P,N,315877,320961,-0.0158
148,EA,VA,PHF,Newport News,Newport News/Williamsburg International,P,N,314139,516789,-0.3921
168,EA,VA,CHO,Charlottesville-Albemarle Airport,Charlottesville-Albemarle,P,N,230097,216957,0.0606
236,EA,VA,LYH,Timberlake,Lynchburg Regional/Preston Glenn Field,P,N,79889,73821,0.0822
296,EA,VA,NGU,Norfolk,Norfolk NS (Chambers Field),GA,None,36565,38143,-0.0414
361,EA,VA,SHD,Weyers Cave,Shenandoah Valley Regional,P,N,15179,12033,0.2614
712,EA,VA,LFI,Hampton,Langley AFB,GA,None,646,2111,-0.694
717,EA,VA,JYO,Leesburg,Leesburg Executive,GA,None,612,38,15.1053
888,EA,VA,HEF,Manassas,Manassas Regional/Harry P. Davis Field,GA,None,112,793,-0.8588
912,EA,VA,PSK,Dublin,New River Valley,GA,None,90,1,89
975,EA,VA,PVG,Chesapeake,Hampton Roads Executive,GA,None,50,0,0
1016,EA,VA,VJI,Abingdon,Virginia Highlands,GA,None,34,2,16
1026,EA,VA,CJR,Culpeper,Culpeper Regional,GA,None,31,3,9.3333
1069,EA,VA,OKV,Winchester,Winchester Regional,GA,None,25,27,-0.0741
1113,EA,VA,MFV,Melfa,Accomack County,GA,None,20,0,0
1138,EA,VA,RMN,Stafford,Stafford Regional,GA,None,18,31,-0.4194
1155,EA,VA,DAN,Danville,Danville Regional,GA,None,16,6,1.6667
1175,EA,VA,CPK,Chesapeake,Chesapeake Regional,GA,None,14,1,13
1177,EA,VA,FCI,Chesterfield,Richmond Executive-Chesterfield County,GA,None,14,18,-0.2222
1222,EA,VA,BCB,Blacksburg,Virginia Tech/Montgomery Executive,GA,None,10,3,2.3333
1236,EA,VA,OFP,Ashland,Hanover County Municipal,GA,None,10,0,0
1335,EA,VA,MTV,Spencer,Blue Ridge,GA,None,6,0,0
1418,EA,VA,HSP,Hot Springs,Ingalls Field,GA,None,4,0,0
1537,EA,VA,HWY,Warrenton,Warrenton-Fauquier,GA,None,2,1,1
1612,EA,VA,JGG,Williamsburg,Williamsburg-Jamestown,GA,None,1,0,0
1620,EA,VA,PTB,Sutherland,Dinwiddie County,GA,None,1,0,0
1630,EA,VA,W78,South Boston,William M Tuck,GA,None,1,0,0
106,SO,VI,STT,Charlotte Amalie,Cyril E King,P,S,649691,596832,0.0886
180,SO,VI,STX,Christiansted,Henry E Rohlsen,P,N,200727,184331,0.0889
277,SO,VI,VI32,Christiansted St Croix,Christiansted Harbor-SSB,GA,None,44769,45178,-0.0091
282,SO,VI,VI22,Charlotte Amalie,Charlotte Amalie Harbor,GA,None,43542,44452,-0.0205
110,NE,VT,BTV,Burlington,Burlington International,P,S,615026,636019,-0.033
459,NE,VT,RUT,Rutland,Rutland - Southern Vermont Regional,CS,None,5916,5997,-0.0135
1161,NE,VT,MVL,Morrisville,Morrisville-Stowe State,GA,None,16,15,0.0667
1348,NE,VT,6B0,Middlebury,Middlebury State,GA,None,5,5,0
1520,NE,VT,DDH,Bennington,William H. Morse State,GA,None,2,17,-0.8824
1553,NE,VT,MPV,Barre,Edward F Knapp State,GA,None,2,12,-0.8333
15,NM,WA,SEA,Seattle,Seattle-Tacoma International,P,L,16121123,15971676,0.0094
72,NM,WA,GEG,Spokane,Spokane International,P,S,1456279,1487913,-0.0213
113,NM,WA,BLI,Bellingham,Bellingham International,P,S,577028,515402,0.1196
144,NM,WA,PSC,Pasco,Tri-Cities,P,N,329833,327008,0.0086
261,NM,WA,YKM,Yakima,Yakima Air Terminal/McAllister Field,P,N,57673,55902,0.0317
268,NM,WA,EAT,East Wenatchee,Pangborn Memorial,P,N,51347,50927,0.0082
292,NM,WA,PUW,Pullman,Pullman/Moscow Regional,P,N,38547,39134,-0.015
304,NM,WA,ALW,Walla Walla,Walla Walla Regional,P,N,31832,32139,-0.0096
327,NM,WA,BFI,Seattle,Boeing Field/King County International,P,N,23078,34434,-0.3298
363,NM,WA,TCM,Tacoma,McChord Field (Joint Base Lewis-McChord),GA,None,14779,21553,-0.3143
374,NM,WA,WN22,Seattle,Lake Union,GA,None,13076,23350,-0.44
391,NM,WA,FHR,Friday Harbor,Friday Harbor,P,N,11555,11283,0.0241
461,NM,WA,CLM,Port Angeles,William R Fairchild International,CS,None,5853,8242,-0.2899
509,NM,WA,ORS,Eastsound,Orcas Island,CS,None,3703,3410,0.0859
559,NM,WA,S60,Kenmore,Kenmore Air Harbor Inc,GA,None,2647,5062,-0.4771
641,NM,WA,W39,Roche Harbor,Roche Harbor,GA,None,1298,2666,-0.5131
671,NM,WA,WA83,West Sound,Westsound/Wsx,GA,None,945,1566,-0.3966
678,NM,WA,NUW,Oak Harbor,Whidbey Island NAS /Ault Field/,GA,None,901,806,0.1179
721,NM,WA,MWH,Moses Lake,Grant County International,GA,None,602,356,0.691
748,NM,WA,PAE,Everett,Snohomish County (Paine Field),GA,None,467,359,0.3008
755,NM,WA,S31,Lopez,Lopez Island,GA,None,445,750,-0.4067
762,NM,WA,W49,Rosario,Rosario,GA,None,426,757,-0.4373
782,NM,WA,74S,Anacortes,Anacortes,GA,None,352,419,-0.1599
806,NM,WA,6S9,Stehekin,Stehekin State,GA,None,269,1194,-0.7747
819,NM,WA,WA13,Chelan,Seaplane Landing Area,GA,None,243,1168,-0.792
851,NM,WA,TIW,Tacoma,Tacoma Narrows,GA,None,169,185,-0.0865
879,NM,WA,8AN6,Medical Lake,Isaacson,GA,None,124,0,0
899,NM,WA,PWT,Bremerton,Bremerton National,GA,None,101,330,-0.6939
936,NM,WA,2S0,Twisp,Twisp Municipal,GA,None,71,0,0
944,NM,WA,11S,Sekiu,Sekiu,GA,None,68,125,-0.456
954,NM,WA,OLM,Olympia,Olympia Regional,GA,None,63,20,2.15
995,NM,WA,RNT,Renton,Renton Municipal,GA,None,42,24,0.75
1048,NM,WA,S50,Auburn,Auburn Municipal,GA,None,28,11,1.5455
1068,NM,WA,OKH,Oak Harbor,Aj Eisenberg,GA,None,25,16,0.5625
1072,NM,WA,0S9,Port Townsend,Jefferson County International,GA,None,24,34,-0.2941
1083,NM,WA,W28,Sequim,Sequim Valley,GA,None,23,36,-0.3611
1139,NM,WA,S18,Forks,Forks,GA,None,18,2,8
1145,NM,WA,ELN,Ellensburg,Bowers Field,GA,None,17,11,0.5455
1163,NM,WA,WA09,Roche Harbor,Roche Harbor,GA,None,16,5,2.2
1171,NM,WA,S52,Winthrop,Methow Valley State,GA,None,15,10,0.5
1172,NM,WA,SHN,Shelton,Sanderson Field,GA,None,15,13,0.1538
1174,NM,WA,7W1,Ilwaco,Port of Ilwaco,GA,None,14,0,0
1209,NM,WA,14S,Westport,Westport,GA,None,11,4,1.75
1211,NM,WA,BVS,Burlington,Skagit Regional,GA,None,11,30,-0.6333
1219,NM,WA,13W,Stanwood,Camano Island Airfield,GA,None,10,0,0
1237,NM,WA,OMK,Omak,Omak,GA,None,10,2,4
1258,NM,WA,HQM,Hoquiam,Bowerman,GA,None,9,13,-0.3077
1314,NM,WA,S10,Chelan,Lake Chelan,GA,None,7,18,-0.6111
1322,NM,WA,63S,Colville,Colville Municipal,GA,None,6,8,-0.25
1324,NM,WA,CLS,Chehalis,Chehalis-Centralia,GA,None,6,4,0.5
1383,NM,WA,SFF,Spokane,Felts Field,GA,None,5,6,-0.1667
1395,NM,WA,68S,Davenport,Davenport,GA,None,4,6,-0.3333
1439,NM,WA,VUO,Vancouver,Pearson Field,GA,None,4,24,-0.8333
1448,NM,WA,8W5,Silverdale,Apex Airpark,GA,None,3,5,-0.4
1508,NM,WA,AWO,Arlington,Arlington Municipal,GA,None,2,4,-0.5
1521,NM,WA,DEW,Deer Park,Deer Park,GA,None,2,0,0
1569,NM,WA,S97,Brewster,Anderson Field,GA,None,2,0,0
1584,NM,WA,W12,Mazama,Lost River Resort,GA,None,2,0,0
1585,NM,WA,W16,Monroe,Firstair Field,GA,None,2,0,0
1621,NM,WA,RLD,Richland,Richland,GA,None,1,0,0
47,GL,WI,MKE,Milwaukee,General Mitchell International,P,M,3710384,4671976,-0.2058
97,GL,WI,MSN,Madison,Dane County Regional-Truax Field,P,S,799053,741365,0.0778
157,GL,WI,GRB,Green Bay,Austin Straubel International,P,N,282973,352157,-0.1965
170,GL,WI,ATW,Appleton,Outagamie County Regional,P,N,229248,242346,-0.054
209,GL,WI,CWA,Mosinee,Central Wisconsin,P,N,120449,135965,-0.1141
226,GL,WI,LSE,La Crosse,La Crosse Municipal,P,N,97321,102958,-0.0548
328,GL,WI,EAU,Eau Claire,Chippewa Valley Regional,P,N,22907,19097,0.1995
396,GL,WI,RHI,Rhinelander,Rhinelander-Oneida County,P,N,11119,26764,-0.5846
723,GL,WI,JVL,Janesville,Southern Wisconsin Regional,GA,None,597,7,84.2857
769,GL,WI,UES,Waukesha,Waukesha County,GA,None,392,312,0.2564
790,GL,WI,C29,Middleton,Middleton Municipal - Morey Field,GA,None,316,184,0.7174
807,GL,WI,VOK,Camp Douglas,Volk Field,GA,None,268,5978,-0.9552
847,GL,WI,OSH,Oshkosh,Wittman Regional,GA,None,175,151,0.1589
855,GL,WI,ENW,Kenosha,Kenosha Regional,GA,None,161,131,0.229
893,GL,WI,SBM,Sheboygan,Sheboygan County Memorial,GA,None,106,26,3.0769
981,GL,WI,91C,Prairie du Sac,Sauk-Prairie,GA,None,48,0,0
999,GL,WI,MTW,Manitowoc,Manitowoc County,GA,None,41,2,19.5
1008,GL,WI,EGV,Eagle River,Eagle River Union,GA,None,37,0,0
1030,GL,WI,STE,Stevens Point,Stevens Point Municipal,GA,None,31,130,-0.7615
1092,GL,WI,RAC,Racine,John H Batten,GA,None,22,1,21
1116,GL,WI,SUE,Sturgeon Bay,Door County Cherryland,GA,None,20,3,5.6667
1232,GL,WI,HYR,Hayward,Sawyer County,GA,None,10,6,0.6667
1256,GL,WI,FLD,Fond du Lac,Fond du Lac County,GA,None,9,5,0.8
1268,GL,WI,ARV,Woodruff,Lakeland/Noble F. Lee Memorial Field,GA,None,8,0,0
1273,GL,WI,DLL,Baraboo,Baraboo Wisconsin Dells,GA,None,8,8,0
1343,GL,WI,UNU,Juneau,Dodge County,GA,None,6,6,0
1353,GL,WI,BUU,Burlington,Burlington Municipal,GA,None,5,10,-0.5
1380,GL,WI,RYV,Watertown,Watertown Municipal,GA,None,5,0,0
1402,GL,WI,AUW,Wausau,Wausau Downtown,GA,None,4,6,-0.3333
1428,GL,WI,PCZ,Waupaca,Waupaca Municipal,GA,None,4,4,0
1618,GL,WI,OEO,Osceola,L O Simenstad Municipal,GA,None,1,0,0
788,WP,WK,AWK,Wake Island,Wake Island Airfield,GA,None,325,340,-0.0441
162,EA,WV,CRW,Charleston,Yeager,P,N,272901,282704,-0.0347
217,EA,WV,HTS,Huntington,Tri-State/Milton J. Ferguson Field,P,N,105548,112522,-0.062
398,EA,WV,LWB,Lewisburg,Greenbrier Valley,P,N,10849,17281,-0.3722
406,EA,WV,MGW,Morgantown,Morgantown Municipal-Walter L. Bill Hart Field,P,N,10239,10674,-0.0408
411,EA,WV,CKB,Clarksburg,North Central West Virginia,P,N,10153,12012,-0.1548
429,EA,WV,PKB,Parkersburg,Mid-Ohio Valley Regional,CS,None,8292,7551,0.0981
564,EA,WV,BKW,Beckley,Raleigh County Memorial,CS,None,2534,2966,-0.1457
969,EA,WV,BLF,Bluefield,Mercer County,GA,None,53,0,0
1282,EA,WV,MRB,Martinsburg,Eastern WV Regional/Shepherd Field,GA,None,8,8,0
1483,EA,WV,W99,Petersburg,Grant County,GA,None,3,2,0.5
1610,EA,WV,I18,Ravenswood,Jackson County,GA,None,1,0,0
161,NM,WY,JAC,Jackson,Jackson Hole,P,N,274343,279065,-0.0169
231,NM,WY,CPR,Casper,Casper/Natrona County International,P,N,88013,77758,0.1319
302,NM,WY,GCC,Gillette,Gillette-Campbell County,P,N,32714,32846,-0.004
312,NM,WY,COD,Cody,Yellowstone Regional,P,N,28551,28019,0.019
313,NM,WY,RKS,Rock Springs,Rock Springs-Sweetwater County,P,N,28270,26219,0.0782
362,NM,WY,CYS,Cheyenne,Cheyenne Regional/Jerry Olson Field,P,N,15010,25112,-0.4023
373,NM,WY,RIW,Riverton,Riverton Regional,P,N,13189,14299,-0.0776
377,NM,WY,SHR,Sheridan,Sheridan County,P,N,12889,13324,-0.0326
432,NM,WY,LAR,Laramie,Laramie Regional,CS,None,8131,8493,-0.0426
552,NM,WY,WRL,Worland,Worland Municipal,CS,None,2795,3070,-0.0896
1015,NM,WY,BPI,Big Piney,Miley Memorial Field,GA,None,34,0,0
1144,NM,WY,DUB,Dubois,Dubois Municipal,GA,None,17,9,0.8889
1151,NM,WY,PNA,Pinedale,Ralph Wenz Field,GA,None,17,1,16
1162,NM,WY,SAA,Saratoga,Shively Field,GA,None,16,0,0
1212,NM,WY,DWX,Dixon,Dixon,GA,None,11,0,0
1298,NM,WY,EMM,Kemmerer,Kemmerer Municipal,GA,None,7,5,0.4
1370,NM,WY,LND,Lander,Hunt Field,GA,None,5,9,-0.4444
1398,NM,WY,AFO,Afton,Afton Municipal,GA,None,4,3,0.3333
1526,NM,WY,EVW,Evanston,Evanston-Uinta County Burns Field,GA,None,2,2,0
1527,NM,WY,FBR,Fort Bridger,Fort Bridger,GA,None,2,0,0
1567,NM,WY,RWL,Rawlins,Rawlins Municipal/Harvey Field,GA,None,2,0,0
,,,1632,Total Airports,,, ,,,
